sample_b	slice_1	10dpa1	1995	3285	4455	2075	7593	15726	2652	5952	[[-0.04072809452608988, 1.4966140533867918, -165.76042047889075], [-1.4806616449551395, -0.04124077053163796, 6446.123614969436], [0.0, 0.0, 1.0]]
sample_b	slice_1	10dpa2	3090	2220	3260	1610	5976	15999	1957	4308	[[-0.043296948008177134, 1.495050111638639, -180.68189046317613], [-1.4791127224359555, -0.04378129814050697, 4598.150474478958], [0.0, 0.0, 1.0]]
sample_b	slice_1	12hpa1	6230	3730	2700	2210	8052	12057	2922	3564	[[-0.044209938394074604, 1.499159315646, -129.70174351229807], [-1.4832662190829202, -0.0447018466982227, 3820.960900162739], [0.0, 0.0, 1.0]]
sample_b	slice_1	12hpa2	6600	2510	2200	1900	6190	12157	2484	3024	[[-0.04429835827086271, 1.50215763427729, -121.04817482268658], [-1.4862327515210803, -0.044791250391619214, 3231.7644008653883], [0.0, 0.0, 1.0]]
sample_b	slice_1	3dpa1	11590	4790	2450	2030	9477	4244	2552	3398	[[-0.043296948008177134, 1.495050111638639, -205.27405885908075], [-1.4791127224359555, -0.04378129814050697, 3625.180307241829], [0.0, 0.0, 1.0]]
sample_b	slice_1	3dpa2	11790	2790	2500	2180	6501	4100	2824	3352	[[-0.0443427009718345, 1.5036612955728603, -236.75439536615497], [-1.48772047199307, -0.044836086478097295, 3565.5143601614686], [0.0, 0.0, 1.0]]
sample_b	slice_1	5dpa1	8540	4320	3050	1900	8837	8004	2488	4232	[[-0.044254104166696, 1.50065697729999, -130.5781559832757], [-1.48474800351756, -0.0447465038877314, 4420.267900195495], [0.0, 0.0, 1.0]]
sample_b	slice_1	5dpa2	8530	2540	3400	2300	6149	7540	3048	4728	[[-0.04429835827086271, 1.50215763427729, -117.38636527203455], [-1.4862327515210803, -0.044791250391619214, 4981.874335920208], [0.0, 0.0, 1.0]]
sample_b	slice_10	10dpa1	1510	2750	2830	1670	6452	16790	2184	3816	[[-0.020973481066374193, 1.48871822742489, -98.55967634195858], [-1.4829206191909097, -0.021064055651800695, 4069.3892232936378], [0.0, 0.0, 1.0]]
sample_b	slice_10	10dpa2	2360	1720	1990	1040	5018	16906	1128	2500	[[-0.02038600878750928, 1.4816689080127623, -207.16477013280436], [-1.4796334267852844, -0.02042236876197782, 2709.338782674373], [0.0, 0.0, 1.0]]
sample_b	slice_10	12hpa1	4600	2760	2670	2150	6484	12440	2840	3544	[[-0.020973481066374193, 1.48871822742489, -180.50152404387248], [-1.4829206191909097, -0.021064055651800695, 3835.4709488179974], [0.0, 0.0, 1.0]]
sample_b	slice_10	12hpa2	4970	1350	2380	1960	4372	12392	2584	3064	[[-0.020952528537836298, 1.4872309964284602, -172.39943696474037], [-1.4814391800109, -0.0210430126391615, 3362.9656104989194], [0.0, 0.0, 1.0]]
sample_b	slice_10	3dpa1	9900	3690	2450	2170	7748	4892	2872	3320	[[-0.020952528537836298, 1.4872309964284602, -163.69444840135736], [-1.4814391800109, -0.0210430126391615, 3505.77681698459], [0.0, 0.0, 1.0]]
sample_b	slice_10	3dpa2	10180	2000	2500	1970	5188	4508	2648	3320	[[-0.020973481066374193, 1.48871822742489, -126.96258136532447], [-1.4829206191909097, -0.021064055651800695, 3511.6641610438273], [0.0, 0.0, 1.0]]
sample_b	slice_10	5dpa1	7070	3390	2790	1750	7300	8588	2280	3752	[[-0.020973481066374193, 1.48871822742489, -108.88287381057548], [-1.4829206191909097, -0.021064055651800695, 4014.331441538527], [0.0, 0.0, 1.0]]
sample_b	slice_10	5dpa2	7100	1510	3290	2240	4580	7836	2872	4600	[[-0.020952528537836298, 1.4872309964284605, -185.0724055238835], [-1.4814391800109, -0.0210430126391615, 4758.430630282822], [0.0, 0.0, 1.0]]
sample_b	slice_11	10dpa1	1680	800	1900	3000	7616	17400	1884	3828	[[-1.4829835358114243, 0.01732014687189688, 2287.464922030858], [-0.01735599703279461, -1.4818607585781147, 4044.349699928628], [0.0, 0.0, 1.0]]
sample_b	slice_11	10dpa2	3440	2220	1320	1820	5838	17900	918	1656	[[-1.4829835358114243, 0.01732014687189688, 1475.9227474636905], [-0.01735599703279461, -1.4818607585781147, 1408.890583899576], [0.0, 0.0, 1.0]]
sample_b	slice_11	12hpa1	1380	3940	2220	2660	7400	13041	2760	3468	[[-1.4829835358114243, 0.01732014687189688, 3006.1585309049683], [-0.01735599703279461, -1.4818607585781147, 3755.346175390162], [0.0, 0.0, 1.0]]
sample_b	slice_11	12hpa2	3040	4220	2000	2420	5192	13041	2604	2964	[[-1.4844665193472357, 0.017337467018768777, 2754.785693717256], [-0.01737335302982741, -1.483342619336693, 3312.6553524944625], [0.0, 0.0, 1.0]]
sample_b	slice_11	3dpa1	920	9220	2220	2440	8196	5458	2828	3212	[[-1.4829835358114243, 0.01732014687189688, 2988.9519458306145], [-0.01735599703279461, -1.4818607585781147, 3518.786537952978], [0.0, 0.0, 1.0]]
sample_b	slice_11	3dpa2	2880	9380	1980	2500	5544	5206	2544	3200	[[-1.4844665193472357, 0.017337467018768777, 2735.664857773011], [-0.01737335302982741, -1.483342619336693, 3499.4233518526917], [0.0, 0.0, 1.0]]
sample_b	slice_11	5dpa1	1340	6440	1800	2780	8108	9135	2172	3720	[[-1.4844665193472357, 0.017337467018768777, 2406.771144532575], [-0.01737335302982741, -1.483342619336693, 3958.205616368501], [0.0, 0.0, 1.0]]
sample_b	slice_11	5dpa2	2840	6320	2240	3340	5168	8496	2940	4500	[[-1.4844665193472357, 0.017337467018768777, 3116.523740417139], [-0.01737335302982741, -1.483342619336693, 4747.6459851718], [0.0, 0.0, 1.0]]
sample_b	slice_12	10dpa1	10075	2145	3240	1710	7784	18119	1508	3400	[[-0.07538070705600002, -1.4820934151370002, 2026.236311232013], [1.480034844111, -0.07551630254199998, -1149.098297790742], [0.0, 0.0, 1.0]]
sample_b	slice_12	12hpa1	7500	1815	2655	2100	7502	13324	2616	3408	[[-0.07538070705600002, -1.4820934151370002, 2989.874984775359], [1.480034844111, -0.07551630254199998, -138.86312299772206], [0.0, 0.0, 1.0]]
sample_b	slice_12	12hpa2	7620	3360	2310	2055	5330	13420	2580	2940	[[-0.07538070705600002, -1.4820934151370002, 2861.3621187132594], [1.480034844111, -0.07551630254199998, -171.04707574585203], [0.0, 0.0, 1.0]]
sample_b	slice_12	3dpa1	2310	1545	2445	2145	8212	5736	2820	3180	[[-0.07545616322, -1.483576992129, 3069.634554320222], [1.481516360472, -0.07559189443600002, -208.966970239583], [0.0, 0.0, 1.0]]
sample_b	slice_12	3dpa2	2265	3405	2415	2025	5684	5432	2508	3192	[[-0.07545616322, -1.483576992129, 2842.849356991505], [1.481516360472, -0.07559189443600002, -112.10445284690799], [0.0, 0.0, 1.0]]
sample_b	slice_12	5dpa1	4800	1965	2760	1605	8148	9436	2092	3612	[[-0.07545616322, -1.483576992129, 2325.016392547828], [1.481516360472, -0.07559189443600002, -256.80297993567603], [0.0, 0.0, 1.0]]
sample_b	slice_12	5dpa2	4470	3315	3360	2155	5328	8752	2790	4512	[[-0.07538070705600002, -1.4820934151370002, 3165.8726947927203], [1.480034844111, -0.07551630254199998, -158.87404769687697], [0.0, 0.0, 1.0]]
sample_b	slice_13	10dpa1	3180	420	1500	3000	6027	1092	1400	2984	[[1.482233509078, -0.021607939272000002, -338.47229613551906], [0.021688803913, 1.477308677229, -368.782301364092], [0.0, 0.0, 1.0]]
sample_b	slice_13	12hpa1	2640	3680	2220	2660	5019	5826	2760	3416	[[1.485195014591, -0.021651111977999998, -196.395049664446], [0.021732138185999998, 1.480260342918, -292.804572756241], [0.0, 0.0, 1.0]]
sample_b	slice_13	12hpa2	4235	3940	2045	2420	7404	6268	2647	2916	[[1.4866802096059997, -0.02167276309, -217.19822416426197], [0.021753870325000004, 1.481740603261, -319.318629632441], [0.0, 0.0, 1.0]]
sample_b	slice_13	3dpa1	2100	9000	2220	2440	4064	13694	2867	3132	[[1.483712784038, -0.021629504081, -149.135577057433], [0.021710449426, 1.478783037186, -288.063830124228], [0.0, 0.0, 1.0]]
sample_b	slice_13	3dpa2	4120	9220	1920	2400	7088	14062	2499	3068	[[1.486680209606, -0.02167276309, -177.678556124135], [0.021753870325000004, 1.481740603261, -292.099416281434], [0.0, 0.0, 1.0]]
sample_b	slice_13	5dpa1	2580	6260	1800	2780	4923	9550	2088	3560	[[1.486680209606, -0.02167276309, -242.49641356369506], [0.021753870325000004, 1.481740603261, -198.13608324049602], [0.0, 0.0, 1.0]]
sample_b	slice_13	5dpa2	4020	6020	2240	3340	7136	9358	2867	4472	[[1.486680209606, -0.02167276309, -309.4321030638451], [0.021753870325000004, 1.481740603261, -333.391735962275], [0.0, 0.0, 1.0]]
sample_b	slice_14	10dpa1	3180	1300	1500	2520	10371	20419	1236	2664	[[-1.4794243483452247, 0.04129559573289509, 1391.5899094164586], [-0.0411939138852992, -1.482421442202425, 2790.5765038059103], [0.0, 0.0, 1.0]]
sample_b	slice_14	12hpa1	2280	4080	2060	2620	10337	15613	2328	3072	[[-1.486430822182, 0.044124785875, 2681.920689601693], [-0.04422650724499999, -1.483616120715, 3595.290847132419], [0.0, 0.0, 1.0]]
sample_b	slice_14	12hpa2	3860	4420	1900	2360	8101	15383	2220	2784	[[-1.486430822182, 0.044124785875, 2584.957596338912], [-0.04422650724499999, -1.483616120715, 3251.981246414683], [0.0, 0.0, 1.0]]
sample_b	slice_14	3dpa1	1260	9360	2220	2440	11945	8034	2488	2920	[[-1.486430822182, 0.044124785875, 2829.1350540625585], [-0.04422650724499999, -1.483616120715, 3382.703912949365], [0.0, 0.0, 1.0]]
sample_b	slice_14	3dpa2	3260	9800	1780	2360	9369	7648	2292	2772	[[-1.486430822182, 0.044124785875, 2451.663605604277], [-0.04422650724499999, -1.483616120715, 3028.29063037204], [0.0, 0.0, 1.0]]
sample_b	slice_14	5dpa1	2080	6700	1540	2580	11449	11813	1808	3232	[[-1.487917253004, 0.044168910660999997, 1990.625076349303], [-0.044270733752, -1.485099736836, 3514.890225231061], [0.0, 0.0, 1.0]]
sample_b	slice_14	5dpa2	3540	6600	1980	3280	8553	10843	2776	4464	[[-1.486430822182, 0.044124785875, 2711.3691906148865], [-0.04422650724499999, -1.483616120715, 4567.323744821114], [0.0, 0.0, 1.0]]
sample_b	slice_15	12hpa1	9630	1265	2655	2100	4956	6258	2520	3392	[[0.043034440238999994, 1.4803133026499997, -285.37093126815597], [-1.475202955919, 0.043194960761999995, 3582.626226150346], [0.0, 0.0, 1.0]]
sample_b	slice_15	12hpa2	9750	2910	2240	1850	7332	6702	2388	2842	[[0.045800479522, 1.48615688253, -220.44393211512997], [-1.481025820945, 0.045952686971, 3040.845366784418], [0.0, 0.0, 1.0]]
sample_b	slice_15	3dpa1	4530	1115	2300	2135	4460	14234	2692	2962	[[0.043120337326, 1.4832680198210002, -249.072040305094], [-1.478147472797, 0.043281178249, 3157.6948558105373], [0.0, 0.0, 1.0]]
sample_b	slice_15	3dpa2	4445	2895	2255	1915	7176	14558	2244	2908	[[0.045800479522, 1.48615688253, -327.837601805565], [-1.481025820945, 0.045952686971, 3041.082717052129], [0.0, 0.0, 1.0]]
sample_b	slice_15	5dpa1	7080	1505	2620	1485	5115	10038	1773	3408	[[0.045709061399, 1.4831905015270002, -208.234432041426], [-1.478069681582, 0.045860965041, 3591.0211269834294], [0.0, 0.0, 1.0]]
sample_b	slice_15	5dpa2	6590	2800	3240	2060	7112	9870	2692	4368	[[0.045800479522, 1.48615688253, -307.801703194734], [-1.481025820945, 0.045952686971, 4545.171006306528], [0.0, 0.0, 1.0]]
sample_b	slice_16	12hpa1	3960	1580	1980	2540	5484	4158	2520	3272	[[1.486647228405, -0.09858728230000001, -50.071369690466994], [0.09886471588000002, 1.4828436445150002, -302.809622846488], [0.0, 0.0, 1.0]]
sample_b	slice_16	12hpa2	5560	1800	1920	2260	7920	4722	2430	2842	[[1.48071250893, -0.09819372029499998, -128.679040610261], [0.09847004635600001, 1.476924109008, -371.140683596633], [0.0, 0.0, 1.0]]
sample_b	slice_16	3dpa1	3440	6900	2140	2240	4148	12038	2692	2836	[[1.483673933948, -0.098390107735, -9.202667056287002], [0.09866698644900003, 1.479877957226, -358.19627946188405], [0.0, 0.0, 1.0]]
sample_b	slice_16	3dpa2	5360	7020	1780	2360	7092	12518	2238	2848	[[1.482191742206, -0.09829181591900002, -114.86750458709997], [0.09856841803099999, 1.4783995576690003, -471.0698695219171], [0.0, 0.0, 1.0]]
sample_b	slice_16	5dpa1	3900	4160	1540	2580	5235	7842	1779	3330	[[1.482017933205, -0.10087857750399999, -138.186578040075], [0.101148560587, 1.4782252716819997, -171.27874786418198], [0.0, 0.0, 1.0]]
sample_b	slice_16	5dpa2	5340	3860	2040	3340	7412	7830	2614	4362	[[1.482191742206, -0.09829181591900002, -150.958734786003], [0.09856841803099999, 1.4783995576690003, -456.825218576915], [0.0, 0.0, 1.0]]
sample_b	slice_17	12hpa1	4680	10280	1960	2720	4812	4974	2456	3272	[[-1.4858717594090003, 0.025135337130000004, 2677.254529177405], [-0.025001817305000004, -1.478076893067, 3672.9935369044683], [0.0, 0.0, 1.0]]
sample_b	slice_17	12hpa2	3120	10340	1840	2380	7356	5382	2216	2878	[[-1.4858717594090003, 0.025135337130000004, 2457.822477114198], [-0.025001817305000004, -1.478076893067, 3217.193440246699], [0.0, 0.0, 1.0]]
sample_b	slice_17	3dpa1	5100	5120	1920	2280	4028	13140	2436	2766	[[-1.490338307784, 0.025210894256, 2715.7021663330156], [-0.025076973069000006, -1.4825200099800002, 3129.253030246849], [0.0, 0.0, 1.0]]
sample_b	slice_17	3dpa2	3660	4920	1520	2320	6772	13510	2008	2742	[[-1.4888464776460002, 0.025185658125000007, 2109.045718702712], [-0.025051870993000002, -1.481036005966, 3087.4923739611577], [0.0, 0.0, 1.0]]
sample_b	slice_17	5dpa1	5260	7680	1520	2580	4707	8790	1601	3330	[[-1.487399279081, 0.022564506682, 1862.5262129573694], [-0.022444471746000002, -1.479596396486, 3682.069164564636], [0.0, 0.0, 1.0]]
sample_b	slice_17	5dpa2	3340	7120	1980	3360	6812	8676	2436	4284	[[-1.488888167248, 0.022587093776000003, 2602.0998018551327], [-0.022466938685000007, -1.48107747396, 4673.677452275738], [0.0, 0.0, 1.0]]
sample_b	slice_18	12hpa1	4130	3550	2450	1880	4692	3630	2333	3231	[[-0.050158649612000006, -1.4819666201819999, 2618.562941893995], [1.4806765802290003, -0.05021098787400002, -150.712193654255], [0.0, 0.0, 1.0]]
sample_b	slice_18	12hpa2	4460	2060	2080	1735	7104	4170	2216	2679	[[-0.050158649612000006, -1.4819666201819999, 2402.5867514534443], [1.4806765802290003, -0.05021098787400002, -127.12391728296797], [0.0, 0.0, 1.0]]
sample_b	slice_18	3dpa1	9559	3870	2070	2135	3764	11676	2436	2601	[[-0.05025916794799999, -1.484936493168, 2803.048688149486], [1.4836438679649997, -0.05031161109599999, -175.57827697085096], [0.0, 0.0, 1.0]]
sample_b	slice_18	3dpa2	9840	2510	2080	1460	6532	12010	1813	2742	[[-0.05030957834700001, -1.486425897875, 2041.3429434250895], [1.485131976158, -0.050362074096, -25.14542267692598], [0.0, 0.0, 1.0]]
sample_b	slice_18	5dpa1	6820	4010	2350	1320	4671	7434	1490	3147	[[-0.050208858469999985, -1.483450070252, 1824.4180465431912], [1.4821587389679998, -0.05026124912299999, 5.258150195096996], [0.0, 0.0, 1.0]]
sample_b	slice_18	5dpa2	6550	2250	3040	1690	6689	7329	2244	4092	[[-0.050208858469999985, -1.483450070252, 2432.7226925273694], [1.4821587389679998, -0.05026124912299999, -202.484562800567], [0.0, 0.0, 1.0]]
sample_b	slice_19	12hpa1	2480	3750	2340	1720	4900	2110	2283	3150	[[-0.050166577620275196, -1.48579843527271, 2465.9682782875275], [1.4761375165010597, -0.05051547326621969, -107.35072274891016], [0.0, 0.0, 1.0]]
sample_b	slice_19	12hpa2	2720	2190	1960	1660	7344	2490	2143	2610	[[-0.0528123617658864, -1.48719135825078, 2345.1884390439336], [1.47752020302754, -0.053144726775756906, -55.560979966617325], [0.0, 0.0, 1.0]]
sample_b	slice_19	3dpa1	7890	3730	1880	1700	4676	10028	2139	2601	[[-0.050266810542593396, -1.48876706351502, 2449.3359986678224], [1.47908684220835, -0.050616403282735596, -23.28526793313998], [0.0, 0.0, 1.0]]
sample_b	slice_19	3dpa2	7825	2075	2215	1830	7236	10362	1813	2676	[[-0.050644480463402905, -1.48422206442461, 2362.589821526241], [1.48155705838702, -0.0507562461835661, -373.85533740652784], [0.0, 0.0, 1.0]]
sample_b	slice_19	5dpa1	5530	4030	1850	1240	5087	6074	1440	2894	[[-0.050266810542593396, -1.48876706351502, 1711.3455186795425], [1.47908684220835, -0.050616403282735596, 425.8669105316326], [0.0, 0.0, 1.0]]
sample_b	slice_19	5dpa2	4810	2180	2930	1680	7233	5697	2078	3911	[[-0.04878860917799549, -1.48676948675011, 2360.11968141716], [1.48136195896579, -0.0487569700436742, -174.35065389862498], [0.0, 0.0, 1.0]]
sample_b	slice_2	10dpa1	2380	11680	2220	3700	5644	16872	2727	4985	[[1.48854002545692, 0.010236805233075, -337.550225811139], [-0.010269399129346702, 1.48590537773807, -348.4864898185533], [0.0, 0.0, 1.0]]
sample_b	slice_2	10dpa2	1220	11680	1820	3580	3808	17354	2075	4265	[[1.48851989169484, 0.012834780771738004, -228.23833505813948], [-0.012862776292968402, 1.4858851911017301, -815.5448819281304], [0.0, 0.0, 1.0]]
sample_b	slice_2	12hpa1	2460	9300	2240	2740	5652	13185	2940	3676	[[1.48705297248444, 0.0102265786544206, -249.54777781562012], [-0.010259139989357296, 1.4844209567812798, -196.00183376170708], [0.0, 0.0, 1.0]]
sample_b	slice_2	12hpa2	1200	9440	1960	2460	3704	13403	2544	3062	[[1.48705297248444, 0.0102265786544206, -173.81937222790415], [-0.010259139989357296, 1.4844209567812798, -192.7499099318761], [0.0, 0.0, 1.0]]
sample_b	slice_2	3dpa1	3260	4060	2040	2700	6832	5468	2552	3320	[[1.48854002545692, 0.010236805233075, -300.01594315027603], [-0.010269399129346702, 1.48590537773807, -272.39969223278433], [0.0, 0.0, 1.0]]
sample_b	slice_2	3dpa2	1240	3900	2200	2880	3876	5414	2772	3288	[[1.48556888768156, 0.0102163724880988, -345.4446404897083], [-0.010248901326693299, 1.4829394987405797, -428.73273096535115], [0.0, 0.0, 1.0]]
sample_b	slice_2	5dpa1	2940	6600	1940	3140	6304	9166	2504	4200	[[1.48705297248444, 0.0102265786544206, -220.2148583346501], [-0.010259139989357296, 1.4844209567812798, -193.5918205402211], [0.0, 0.0, 1.0]]
sample_b	slice_2	5dpa2	1080	6320	2440	3560	3595	8851	3048	4728	[[1.48705297248444, 0.0102265786544206, -279.01488974300014], [-0.010259139989357296, 1.4844209567812798, -273.71452947731404], [0.0, 0.0, 1.0]]
sample_b	slice_20	12hpa1	1530	3210	2340	1720	7243	14825	2100	3108	[[-0.0002393238857471506, 1.4835928895048571, -231.9538646706665], [-1.477860115337701, -0.00029287823504859246, 3262.9681514543463], [0.0, 0.0, 1.0]]
sample_b	slice_20	12hpa2	2000	1770	1960	1590	5001	14728	2018	2555	[[-0.00349220064955191, 1.48609212886618, -145.60073169071467], [-1.48216983479426, -0.0035028684340302394, 2670.455178733976], [0.0, 0.0, 1.0]]
sample_b	slice_20	3dpa1	6830	3770	2070	2160	8092	7501	2439	2408	[[-0.0034817553834017093, 1.48164718730427, -284.139002096792], [-1.4777366249195, -0.003492391260249489, 2726.5175492413377], [0.0, 0.0, 1.0]]
sample_b	slice_20	3dpa2	6820	2070	2310	1810	5867	6925	1704	2504	[[-0.00349220064955191, 1.48609212886618, -590.039453006677], [-1.48216983479426, -0.0035028684340302394, 3326.881059002774], [0.0, 0.0, 1.0]]
sample_b	slice_20	5dpa1	4500	3760	1850	1240	8136	11203	1347	2100	[[-0.004135725798152316, 1.4880379403036332, -329.2007047018286], [-1.482287846893396, -0.004174387250842494, 2480.2710741000687], [0.0, 0.0, 1.0]]
sample_b	slice_20	5dpa2	4010	1930	2930	1590	5315	10331	1984	3801	[[-0.004135725798152316, 1.4880379403036332, -232.24729851959518], [-1.482287846893396, -0.004174387250842494, 4090.6864600620565], [0.0, 0.0, 1.0]]
sample_b	slice_21	12hpa1	1370	1800	1790	2480	4619	13753	2041	3025	[[-1.48480440110021, -0.0176187263436682, 2294.241340434346], [0.0176645949094416, -1.48155216353364, 3324.6414796532063], [0.0, 0.0, 1.0]]
sample_b	slice_21	12hpa2	2880	2180	1440	2100	2713	13672	1763	2402	[[-1.48332108002019, -0.017601125218449795, 1951.4534274709513], [0.0176469479614802, -1.4800720914422, 2866.366567006779], [0.0, 0.0, 1.0]]
sample_b	slice_21	3dpa1	800	7120	1880	2000	5324	6781	2263	2079	[[-1.48174662808666, -0.014067880680138598, 2343.67679944847], [0.014089025261607801, -1.48042368379533, 2415.4693204865403], [0.0, 0.0, 1.0]]
sample_b	slice_21	3dpa2	2275	7735	1350	1805	3563	5981	1560	2111	[[-1.4863192092864999, -0.0150422705403097, 1907.3923296997839], [0.015093866855013603, -1.48306380132112, 2326.2435148064665], [0.0, 0.0, 1.0]]
sample_b	slice_21	5dpa1	1100	4800	1560	1940	5528	10163	1227	1847	[[-1.47888884571734, -0.017548532214808996, 1730.312811092328], [0.0175942180372925, -1.4756495652725499, 2465.2567802147946], [0.0, 0.0, 1.0]]
sample_b	slice_21	5dpa2	2640	4560	1440	2660	2979	9355	1728	3503	[[-1.48332108002019, -0.017601125218449795, 2001.4100394927516], [0.0176469479614802, -1.4800720914422, 3657.4554843447995], [0.0, 0.0, 1.0]]
sample_b	slice_3	10dpa1	2280	3520	3820	1870	4596	2328	2364	5220	[[0.053290684437088294, -1.4826432306527, 2445.9479517638647], [1.4804493351775798, 0.05337826841255789, -255.46932834289584], [0.0, 0.0, 1.0]]
sample_b	slice_3	10dpa2	2680	2190	3090	1580	6984	2904	1920	4116	[[0.05334397512152541, -1.48412587388336, 2055.8731631783276], [1.48192978451276, 0.05343164668097039, -317.2735221131343], [0.0, 0.0, 1.0]]
sample_b	slice_3	12hpa1	5870	3570	2690	2280	4092	7698	3000	3528	[[0.05334397512152541, -1.48412587388336, 3068.5692999333173], [1.48192978451276, 0.05343164668097039, -307.16454588198025], [0.0, 0.0, 1.0]]
sample_b	slice_3	12hpa2	6110	2170	2390	2030	6492	7998	2580	3060	[[0.0533973724940195, -1.48561148536873, 2762.012505624945], [1.48341319771047, 0.0534851318127832, -329.37949961132273], [0.0, 0.0, 1.0]]
sample_b	slice_3	3dpa1	11250	4410	2450	2090	3372	15651	2568	3252	[[0.05334397512152541, -1.48412587388336, 2831.915747747988], [1.48192978451276, 0.05343164668097039, -241.12465550015625], [0.0, 0.0, 1.0]]
sample_b	slice_3	3dpa2	11340	2400	2500	2180	6196	15730	2792	3320	[[0.05345087687527599, -1.4871000740314202, 3000.170165784874], [1.48489958368012, 0.0535387241292289, -297.2762444182367], [0.0, 0.0, 1.0]]
sample_b	slice_3	5dpa1	8210	4010	3050	1950	4008	11103	2412	4140	[[0.05334397512152541, -1.48412587388336, 2624.378817209008], [1.48192978451276, 0.05343164668097039, -220.93892558249223], [0.0, 0.0, 1.0]]
sample_b	slice_3	5dpa2	8140	2140	3400	2350	6180	10863	3084	4740	[[0.0533973724940195, -1.48561148536873, 3228.310162823506], [1.48341319771047, 0.0534851318127832, -187.71847158265874], [0.0, 0.0, 1.0]]
sample_b	slice_4	10dpa1	2560	10205	2220	4095	6503	2504	2544	5220	[[-1.48394762779084, 0.08062592415417831, 2695.7290310855738], [-0.08093323120105071, -1.47891520208575, 5880.724714568184], [0.0, 0.0, 1.0]]
sample_b	slice_4	10dpa2	1460	10860	1700	3120	8807	3164	1884	3960	[[-1.4838633119330003, 0.07954282265000001, 2076.174619011454], [-0.079695170075, -1.481582917439, 4338.24995753048], [0.0, 0.0, 1.0]]
sample_b	slice_4	12hpa1	2440	7860	2300	2740	6023	7991	3059	3534	[[-1.48543306085169, 0.0807066307849632, 3170.503793329423], [-0.0810142454464972, -1.48039559768343, 3874.7696492886], [0.0, 0.0, 1.0]]
sample_b	slice_4	12hpa2	1100	8040	1960	2460	8486	8207	2543	3058	[[-1.482379448621, 0.07946327982699998, 2709.01041721443], [-0.079615474905, -1.480101334521, 3495.9637119166637], [0.0, 0.0, 1.0]]
sample_b	slice_4	3dpa1	2600	2580	2200	2700	5623	15960	2748	3276	[[-1.4869214707323, 0.08078749915248322, 2917.1237326163105], [-0.08109542204514099, -1.48187896000576, 3713.910524150219], [0.0, 0.0, 1.0]]
sample_b	slice_4	3dpa2	740	2620	2120	2700	8521	15904	2676	3396	[[-1.479420607406, 0.079304670486, 2778.326859568622], [-0.07945656178099998, -1.4771470404399998, 3844.930492079591], [0.0, 0.0, 1.0]]
sample_b	slice_4	5dpa1	2700	5060	1940	3180	6143	11447	2352	4080	[[-1.48394762779084, 0.08062592415417831, 2440.253217863943], [-0.08093323120105071, -1.47891520208575, 4541.733103895594], [0.0, 0.0, 1.0]]
sample_b	slice_4	5dpa2	700	5000	2440	3560	8281	11045	2988	4800	[[-1.48394762779084, 0.08062592415417831, 3265.391543920533], [-0.08093323120105071, -1.47891520208575, 5192.8555632207535], [0.0, 0.0, 1.0]]
sample_b	slice_5	10dpa1	10785	1980	3630	1935	5333	2316	2472	5088	[[-0.0792651543426423, 1.47982540956219, -48.73180577167463], [-1.47492424419739, -0.0795609478769396, 5317.226129321256], [0.0, 0.0, 1.0]]
sample_b	slice_5	10dpa2	11070	3570	2715	1575	7685	2820	1824	3912	[[-0.0792651543426423, 1.47982540956219, -64.03829704569216], [-1.47492424419739, -0.0795609478769396, 4264.342513229536], [0.0, 0.0, 1.0]]
sample_b	slice_5	12hpa1	8160	1530	2805	2265	4913	7584	2976	3564	[[-0.07958221496001289, 1.48574471120044, -95.5246403592384], [-1.48082394117418, -0.07987919166844729, 3978.6455034833866], [0.0, 0.0, 1.0]]
sample_b	slice_5	12hpa2	8265	3165	2520	1995	7337	7896	2616	3024	[[-0.07958221496001289, 1.48574471120044, -95.79626290986822], [-1.48082394117418, -0.07987919166844729, 3378.915928957667], [0.0, 0.0, 1.0]]
sample_b	slice_5	3dpa1	3060	780	2505	2280	4301	15543	2748	3276	[[-0.07966187683684971, 1.48723194314359, -190.3245986026512], [-1.4823062474216, -0.0799591508192666, 3634.645014975359], [0.0, 0.0, 1.0]]
sample_b	slice_5	3dpa2	2880	2775	2610	2175	7237	15551	2752	3376	[[-0.07958221496001289, 1.48574471120044, -145.20072800717358], [-1.48082394117418, -0.07987919166844729, 3729.2258577396974], [0.0, 0.0, 1.0]]
sample_b	slice_5	5dpa1	5565	1290	3105	1920	4845	11076	2388	4056	[[-0.07780258686506447, 1.4810269790535635, -175.88701501140008], [-1.4822802285694914, -0.07776180935723292, 4351.410619539636], [0.0, 0.0, 1.0]]
sample_b	slice_5	5dpa2	5190	2835	3540	2385	7061	10704	3072	4776	[[-0.0795027122477651, 1.4842604507496897, -62.64232056058076], [-1.4793445965776102, -0.07979939227617121, 5146.210330001827], [0.0, 0.0, 1.0]]
sample_b	slice_6	10dpa1	2160	680	1800	3700	4710	2148	1960	4504	[[1.4839834823432803, -0.05682493386414259, -259.79702371744787], [0.05692593125406021, 1.48195404064149, -291.3464477737955], [0.0, 0.0, 1.0]]
sample_b	slice_6	10dpa2	3640	1000	1500	2800	6809	2700	1704	3584	[[1.48546895129458, -0.05688181567982239, -180.57328428713424], [0.056982914168228385, 1.4834374781196098, -287.8347415767041], [0.0, 0.0, 1.0]]
sample_b	slice_6	12hpa1	1380	3800	2340	3020	3274	6804	3096	3816	[[1.48250098136192, -0.0567681656984442, -158.59633756402354], [0.0568690621918683, 1.48047356707442, -368.0549714285597], [0.0, 0.0, 1.0]]
sample_b	slice_6	12hpa2	3120	4080	1760	2620	5808	7412	2184	3224	[[1.4839834823432803, -0.05682493386414259, -127.7479894205939], [0.05692593125406021, 1.48195404064149, -465.0746496013404], [0.0, 0.0, 1.0]]
sample_b	slice_6	3dpa1	540	9260	1900	2780	1816	15029	2292	3372	[[1.47954484779988, -0.056654968957270804, -256.1504941315874], [0.05675566426127629, 1.47752147621286, -543.4426409940658], [0.0, 0.0, 1.0]]
sample_b	slice_6	3dpa2	2240	9320	2160	2760	4148	15189	2928	3256	[[1.4839834823432803, -0.05682493386414259, -74.32724936161658], [0.05692593125406021, 1.48195404064149, -528.3261020466103], [0.0, 0.0, 1.0]]
sample_b	slice_6	5dpa1	880	6480	1920	3140	2326	10633	2559	4164	[[1.4839834823432803, -0.05682493386414259, -110.58913172279888], [0.05692593125406021, 1.48195404064149, -260.03372394588246], [0.0, 0.0, 1.0]]
sample_b	slice_6	5dpa2	2220	6160	2660	3640	4309	10280	3503	4996	[[1.4839834823432803, -0.05682493386414259, -83.95614451544836], [0.05692593125406021, 1.48195404064149, -303.38246316757244], [0.0, 0.0, 1.0]]
sample_b	slice_7	10dpa1	1680	1120	1960	3700	5821	17398	2288	4944	[[-1.4833340330586249, 0.04826633557108383, 2580.0294056151783], [-0.04839825870883649, -1.4796818806942431, 5300.562313208701], [0.0, 0.0, 1.0]]
sample_b	slice_7	10dpa2	3440	1940	1380	2500	4135	17902	1542	3160	[[-1.48371130999085, 0.049735366292394806, 1689.1018169996], [-0.0498640435343448, -1.4804853295682403, 3501.0618025302406], [0.0, 0.0, 1.0]]
sample_b	slice_7	12hpa1	1200	4680	2380	2880	6033	13376	3080	3560	[[-1.48616281864533, 0.05110122922240352, 3251.155384316767], [-0.05121766951347762, -1.4830412550282501, 4082.293654474949], [0.0, 0.0, 1.0]]
sample_b	slice_7	12hpa2	2940	5040	2160	2420	3825	13440	2736	2976	[[-1.48624974351538, 0.04850730926707519, 2896.337224797111], [-0.0486291975343275, -1.48312838787926, 3393.0609025550457], [0.0, 0.0, 1.0]]
sample_b	slice_7	3dpa1	640	10060	2280	2640	7269	5716	2968	3352	[[-1.48476349377186, 0.048458801957808086, 3118.078619115816], [-0.048580568336793195, -1.48164525949138, 3788.218151163202], [0.0, 0.0, 1.0]]
sample_b	slice_7	3dpa2	2560	10200	2160	2700	4585	5456	2744	3368	[[-1.48476349377186, 0.048458801957808086, 2956.6806386561057], [-0.048580568336793195, -1.48164525949138, 3745.9828977999414], [0.0, 0.0, 1.0]]
sample_b	slice_7	5dpa1	1140	7220	1920	2980	6972	9464	2376	3900	[[-1.48467665582668, 0.0510501279931811, 2527.5047676329164], [-0.0511664518439641, -1.48155821377322, 4227.999851003623], [0.0, 0.0, 1.0]]
sample_b	slice_7	5dpa2	2540	6980	2440	3640	4148	8824	2976	4752	[[-1.48467665582668, 0.0510501279931811, 3258.287460698767], [-0.0511664518439641, -1.48155821377322, 5153.9980264925825], [0.0, 0.0, 1.0]]
sample_b	slice_8	10dpa1	400	3540	3550	1740	5494	18083	2148	4872	[[0.00567213128662956, 1.4846028394247803, -210.50843770734858], [-1.48288036100298, 0.005681033117973479, 5073.205171217045], [0.0, 0.0, 1.0]]
sample_b	slice_8	10dpa2	1170	2100	2350	1280	3402	18731	1584	3036	[[0.00568348690482101, 1.48757501728148, -252.64922135334666], [-1.48584909045444, 0.0056924065576491, 3281.4885533717033], [0.0, 0.0, 1.0]]
sample_b	slice_8	12hpa1	3930	3490	2690	2080	5499	14044	2632	3576	[[0.00567780341791619, 1.4860874422642, -271.27624814138085], [-1.48436324136398, 0.00568671415109145, 3876.5645022621266], [0.0, 0.0, 1.0]]
sample_b	slice_8	12hpa2	4180	2020	2390	2100	3243	14124	2776	3064	[[0.00567213128662956, 1.4846028394247803, -195.4259944523666], [-1.48288036100298, 0.005681033117973479, 3415.6397551066343], [0.0, 0.0, 1.0]]
sample_b	slice_8	3dpa1	9230	4040	2450	2170	6276	6616	2824	3288	[[0.00567213128662956, 1.4846028394247803, -199.34672878890564], [-1.48288036100298, 0.005681033117973479, 3440.569748131575], [0.0, 0.0, 1.0]]
sample_b	slice_8	3dpa2	9300	2360	2500	1970	3796	6360	2488	3416	[[0.00567213128662956, 1.4846028394247803, -214.0972548453776], [-1.48288036100298, 0.005681033117973479, 3584.599202856385], [0.0, 0.0, 1.0]]
sample_b	slice_8	5dpa1	6330	3830	2880	1900	5947	10260	2376	3896	[[0.00567780341791619, 1.4860874422642, -200.39114517538786], [-1.48436324136398, 0.00568671415109145, 4102.994932282647], [0.0, 0.0, 1.0]]
sample_b	slice_8	5dpa2	6290	2280	3290	1930	3743	9724	2418	4568	[[0.00567780341791619, 1.4860874422642, -298.56770537935785], [-1.48436324136398, 0.00568671415109145, 4689.560741717167], [0.0, 0.0, 1.0]]
sample_b	slice_9	10dpa1	3380	10760	1880	3495	4204	2100	2648	4312	[[-1.47618489997539, -0.14222951351324803, 2971.64851459456], [0.142284808926386, -1.47623933408527, 4655.39958655274], [0.0, 0.0, 1.0]]
sample_b	slice_9	10dpa2	2220	11120	1380	2240	6796	3076	1576	2888	[[-1.47567943289919, -0.14738149391261002, 2067.284127233618], [0.147436978999372, -1.47573367366042, 2971.662079815549], [0.0, 0.0, 1.0]]
sample_b	slice_9	12hpa1	3160	7960	2280	2740	4548	7230	2972	3454	[[-1.47567943289919, -0.14738149391261002, 3390.1527041164977], [0.147436978999372, -1.47573367366042, 3619.3999150776685], [0.0, 0.0, 1.0]]
sample_b	slice_9	12hpa2	1700	8140	2040	2360	6908	7324	2760	2892	[[-1.47567943289919, -0.14738149391261002, 3161.995414838938], [0.147436978999372, -1.47573367366042, 3043.3056378286888], [0.0, 0.0, 1.0]]
sample_b	slice_9	3dpa1	3340	2820	2200	2620	5120	14990	2904	3352	[[-1.4765851090029818, -0.14914624779752947, 3317.50036751232], [0.14942157537065762, -1.4744646965854569, 3470.207413742176], [0.0, 0.0, 1.0]]
sample_b	slice_9	3dpa2	1580	2760	2120	2700	7904	14750	2664	3432	[[-1.47715658948867, -0.147529022935546, 3138.2955614621155], [0.14758456356293498, -1.47721088454497, 3541.487987088618], [0.0, 0.0, 1.0]]
sample_b	slice_9	5dpa1	3400	5360	1940	2880	5120	10830	2280	3816	[[-1.47420522767151, -0.147234259652957, 2844.8003744323255], [0.147289689310062, -1.4742594142461798, 3889.575191916743], [0.0, 0.0, 1.0]]
sample_b	slice_9	5dpa2	1520	5000	2400	3560	7200	10062	3048	4760	[[-1.47567943289919, -0.14738149391261002, 3599.0570076707786], [0.147436978999372, -1.47573367366042, 4912.029265905199], [0.0, 0.0, 1.0]]
sample_a	slice_10	0hpa1	11265	465	2880	2310	7128	17212	2912	3848	[[-0.017036069080428415, -1.4943003142479674, 3165.898631540143], [1.4859260008118351, -0.017443147389336156, -195.68490251168163], [0.0, 0.0, 1.0]]
sample_a	slice_10	0hpa2	8310	795	2955	2160	6916	12838	2624	3984	[[-0.017803545474068712, -1.4884754290879982, 2927.0525955072035], [1.4849645431988665, -0.01785290760465509, -218.39908688278766], [0.0, 0.0, 1.0]]
sample_a	slice_10	14dpa1	10860	2715	2760	1455	4940	16527	1776	3695	[[-0.018937727134751902, -1.4891296258030102, 1998.8579976895503], [1.48163181985132, -0.0190467763590284, -149.585583324918], [0.0, 0.0, 1.0]]
sample_a	slice_10	14dpa2	10725	3945	3165	1845	2624	16449	2160	4211	[[-0.01775018819492565, -1.4840144637660564, 2480.258570592656], [1.4805141000124566, -0.017799402387058728, -288.9095220362272], [0.0, 0.0, 1.0]]
sample_a	slice_10	36hpa1	4575	3345	3195	2310	2956	7594	2920	3656	[[-0.017785724107227795, -1.4869854636935158, 3141.59391174245], [1.483478092204673, -0.01783503682627206, -555.3593842638702], [0.0, 0.0, 1.0]]
sample_a	slice_10	36hpa2	1995	3225	2400	2565	2872	2924	3546	3560	[[-0.017839295565382097, -1.4914643355721107, 3465.931775490777], [1.487946399711314, -0.017888756816712637, 303.81762961871095], [0.0, 0.0, 1.0]]
sample_a	slice_10	7dpa1	7845	2985	2940	1620	4452	12028	2004	4014	[[-0.017821402590893248, -1.4899683833799622, 2134.1445159308664], [1.4864539760405902, -0.01787081423214221, -135.2115960590752], [0.0, 0.0, 1.0]]
sample_a	slice_10	7dpa2	7785	4260	3090	1815	2272	12081	1848	3878	[[-0.01775018819492565, -1.4840144637660564, 2410.7169818825464], [1.4805141000124566, -0.017799402387058728, -291.0598742001699], [0.0, 0.0, 1.0]]
sample_a	slice_10	WT	1965	1185	6675	2205	6252	4700	2640	8146	[[-0.0160803298695206, -1.49281128804237, 3115.7985061454297], [1.4833927672269198, -0.0162121713656759, -1498.3467313847898], [0.0, 0.0, 1.0]]
sample_a	slice_11	0hpa1	3840	10500	2400	3300	3264	2806	2974	3874	[[-1.481442753339837, 0.10532672020022558, 3154.1175055818494], [-0.10543933489684329, -1.4803969240040686, 4336.854357566541], [0.0, 0.0, 1.0]]
sample_a	slice_11	0hpa2	3480	7470	2220	3180	3754	7096	2676	4040	[[-1.481624326686517, 0.1027409557186391, 2883.7751090150473], [-0.10285539555934047, -1.4805786954932618, 4569.904457092576], [0.0, 0.0, 1.0]]
sample_a	slice_11	14dpa1	2460	10020	1830	3030	6411	3911	1760	3488	[[-1.481442753339837, 0.10532672020022558, 1999.783761875959], [-0.10543933489684329, -1.4803969240040686, 4087.9696713382195], [0.0, 0.0, 1.0]]
sample_a	slice_11	14dpa2	840	10320	2160	3030	8265	3343	2172	4092	[[-1.481442753339837, 0.10532672020022558, 2579.0578580792544], [-0.10543933489684329, -1.4803969240040686, 4381.105049476542], [0.0, 0.0, 1.0]]
sample_a	slice_11	36hpa1	540	4110	2340	3150	7689	12664	2910	3732	[[-1.4801456596938158, 0.1026384198346883, 2952.325073278373], [-0.10275274546397185, -1.4791010720446653, 4274.6226675046755], [0.0, 0.0, 1.0]]
sample_a	slice_11	36hpa2	120	1560	2580	2370	7661	17395	3108	2880	[[-1.481624326686517, 0.1027409557186391, 3339.8976476909634], [-0.10285539555934047, -1.4805786954932618, 3360.0830052416186], [0.0, 0.0, 1.0]]
sample_a	slice_11	7dpa1	1860	6930	1710	3330	6843	7939	2020	4056	[[-1.481442753339837, 0.10532672020022558, 2135.837288380897], [-0.10543933489684329, -1.4803969240040686, 4695.069873453709], [0.0, 0.0, 1.0]]
sample_a	slice_11	7dpa2	420	7110	1800	3300	9153	7997	1864	3864	[[-1.481442753339837, 0.10532672020022558, 1978.3296270475546], [-0.10543933489684329, -1.4803969240040686, 4521.414439987899], [0.0, 0.0, 1.0]]
sample_a	slice_11	WT	2610	1890	2430	6090	4406	11222	2812	8106	[[-1.4801456596938158, 0.1026384198346883, 2938.976085822835], [-0.10275274546397185, -1.4791010720446653, 8786.377924112307], [0.0, 0.0, 1.0]]
sample_a	slice_12	0hpa1	1200	3540	3160	2440	6638	18043	3080	3780	[[0.0522432860700647, 1.4846817079614354, -338.0002407999841], [-1.4812806237512408, 0.052355704155042655, 4129.427670190849], [0.0, 0.0, 1.0]]
sample_a	slice_12	0hpa2	4120	3460	3140	2400	6702	13484	2874	4137	[[0.0522432860700647, 1.4846817079614354, -372.81984866309915], [-1.4812806237512408, 0.052355704155042655, 4356.00879213199], [0.0, 0.0, 1.0]]
sample_a	slice_12	14dpa1	2120	2200	2740	1620	4624	17067	1800	3252	[[0.052191199045069615, 1.4832014669764289, -264.95716636326154], [-1.4798037736777103, 0.05230350504820813, 3672.7653407560747], [0.0, 0.0, 1.0]]
sample_a	slice_12	14dpa2	2180	600	2720	2000	2236	16861	2216	3480	[[0.052191199045069615, 1.4832014669764289, -249.66060100661798], [-1.4798037736777103, 0.05230350504820813, 3707.410799043608], [0.0, 0.0, 1.0]]
sample_a	slice_12	36hpa1	8040	1080	3140	2500	3420	7712	2910	3810	[[0.05229547716503981, 1.4861649064708875, -431.2025555772588], [-1.4827604245741695, 0.05240800755579696, 4199.573977220361], [0.0, 0.0, 1.0]]
sample_a	slice_12	36hpa2	11400	1100	2320	2460	3592	3868	3084	2982	[[0.0522432860700647, 1.4846817079614354, -397.717800121208], [-1.4812806237512408, 0.052355704155042655, 3062.011405607928], [0.0, 0.0, 1.0]]
sample_a	slice_12	7dpa1	5000	1920	3080	1920	4452	12304	2274	4020	[[0.0522432860700647, 1.4846817079614354, -366.4607500954096], [-1.4812806237512408, 0.052355704155042655, 4155.063227564692], [0.0, 0.0, 1.0]]
sample_a	slice_12	7dpa2	5180	460	2960	1800	2308	12218	1959	3696	[[0.0522432860700647, 1.4846817079614354, -380.6591566790112], [-1.4812806237512408, 0.052355704155042655, 3900.426875902392], [0.0, 0.0, 1.0]]
sample_a	slice_12	WT	6820	3420	6580	2460	6768	4927	3164	8436	[[0.0522432860700647, 1.4846817079614354, -365.99948220414893], [-1.4812806237512408, 0.052355704155042655, 8906.10220303542], [0.0, 0.0, 1.0]]
sample_a	slice_13	0hpa1	6180	13050	2610	3600	4712	2158	3390	4224	[[-1.4698844267486735, 0.14183254077267296, 3316.2615643047934], [-0.14127552781279162, -1.4762809180656966, 5083.931899040484], [0.0, 0.0, 1.0]]
sample_a	slice_13	0hpa2	6000	10110	2280	3300	4974	6928	2976	4070	[[-1.4740523830403278, 0.1448318171239933, 2892.4355455740415], [-0.14428432816417547, -1.4804690676083396, 4687.58501323884], [0.0, 0.0, 1.0]]
sample_a	slice_13	14dpa1	4680	12870	1710	2550	8267	4110	1783	3018	[[-1.4725768551293763, 0.14468684033007542, 1950.4235256936086], [-0.14413989940725436, -1.4789871165897133, 3622.7642998825295], [0.0, 0.0, 1.0]]
sample_a	slice_13	14dpa2	3120	12750	2040	3030	10305	4018	1878	3120	[[-1.4649898049146561, 0.1465233997665124, 2192.658010196558], [-0.1459903157759303, -1.4713690828849462, 4106.915832816504], [0.0, 0.0, 1.0]]
sample_a	slice_13	36hpa1	3180	6600	2520	3300	8489	12775	2922	3888	[[-1.481225245732, 0.14720893109999997, 3038.170912957237], [-0.147775217417, -1.476150136445, 4430.327990683902], [0.0, 0.0, 1.0]]
sample_a	slice_13	36hpa2	3000	3690	2460	2970	8147	17507	3156	3032	[[-1.478268708316, 0.146915100898, 3218.8607137268177], [-0.147480256903, -1.473203728987, 4016.0995127923356], [0.0, 0.0, 1.0]]
sample_a	slice_13	7dpa1	4320	9510	1860	3210	8041	8100	2175	3958	[[-1.479745500232, 0.14706186923, 2224.475630437137], [-0.147627589827, -1.4746754609839998, 4641.117064088622], [0.0, 0.0, 1.0]]
sample_a	slice_13	7dpa2	2790	9540	1800	3120	10506	8524	1998	3588	[[-1.4696346436306167, 0.14439775573401134, 2021.095722727125], [-0.14385190760024685, -1.4760320973757475, 4395.611875531426], [0.0, 0.0, 1.0]]
sample_a	slice_13	WT	5340	4230	2430	6450	4841	11012	3206	8572	[[-1.481225245732, 0.14720893109999997, 3140.5072480985473], [-0.147775217417, -1.476150136445, 9375.857195144707], [0.0, 0.0, 1.0]]
sample_a	slice_14	0hpa1	10320	300	3225	2550	2280	3249	3050	4027	[[-0.04853913986951658, 1.4876346464403902, -299.9012608239172], [-1.483010187027889, -0.04872758214365925, 4415.674944380716], [0.0, 0.0, 1.0]]
sample_a	slice_14	0hpa2	7410	720	3150	2295	2946	7524	2875	4083	[[-0.05118661236360985, 1.489035211570063, -195.9248579064873], [-1.484405805526105, -0.05136716352133595, 4441.844391228715], [0.0, 0.0, 1.0]]
sample_a	slice_14	14dpa1	10245	2565	2235	1620	5699	4617	1652	2580	[[-0.04849069761415774, 1.4861499811245815, -345.3682291028769], [-1.4815301369410336, -0.04867895182215856, 3042.7590237928416], [0.0, 0.0, 1.0]]
sample_a	slice_14	14dpa2	10185	3960	2400	1695	7697	4228	1800	2916	[[-0.051084443476656534, 1.4860630853992645, -261.5606914964941], [-1.4814429196867314, -0.051264634252830295, 3450.604288779379], [0.0, 0.0, 1.0]]
sample_a	slice_14	36hpa1	3780	3240	3120	2445	6965	12905	2908	3888	[[-0.05118661236360985, 1.489035211570063, -276.8510950947512], [-1.484405805526105, -0.05136716352133595, 4316.823401603658], [0.0, 0.0, 1.0]]
sample_a	slice_14	36hpa2	1290	3345	2415	2655	7327	17667	3208	2951	[[-0.04849069761415774, 1.4861499811245815, -359.78019447228473], [-1.4815301369410336, -0.04867895182215856, 3236.85215971811], [0.0, 0.0, 1.0]]
sample_a	slice_14	7dpa1	6870	2835	3105	1815	6123	8391	2094	3945	[[-0.05118661236360985, 1.489035211570063, -195.97461475945488], [-1.484405805526105, -0.05136716352133595, 4267.781975365186], [0.0, 0.0, 1.0]]
sample_a	slice_14	7dpa2	6975	4440	2790	1590	8512	8557	1838	3547	[[-0.05118661236360985, 1.489035211570063, -197.46962406454136], [-1.484405805526105, -0.05136716352133595, 3863.37233400616], [0.0, 0.0, 1.0]]
sample_a	slice_14	WT	1620	1125	6180	2475	3905	11552	3120	8715	[[-0.05118661236360985, 1.489035211570063, -257.03533345924444], [-1.484405805526105, -0.05136716352133595, 8986.31726535672], [0.0, 0.0, 1.0]]
sample_a	slice_15	0hpa1	810	4665	3045	2340	2020	2040	3036	3896	[[-0.07668332981307252, -1.4798510805460556, 3388.8214057182713], [1.4768287140164176, -0.07686944852050571, -155.89448071856603], [0.0, 0.0, 1.0]]
sample_a	slice_15	0hpa2	3705	4215	3030	2340	2524	6299	2921	4073	[[-0.07950359964259517, -1.4841496992706096, 3335.668849667371], [1.4811179535047458, -0.07968498503273462, -100.68788528323586], [0.0, 0.0, 1.0]]
sample_a	slice_15	14dpa1	1605	3240	2100	1455	5382	3535	1626	2340	[[-0.07926603908589414, -1.4797149890138246, 2084.3678176914145], [1.4766923022492533, -0.07944688248781605, -363.54096371585433], [0.0, 0.0, 1.0]]
sample_a	slice_15	14dpa2	1220	1332	2808	2232	7410	3410	1592	2638	[[-0.07668332981307253, -1.4798510805460556, 2911.248841590768], [1.476828714016418, -0.07686944852050573, -658.0816150376545], [0.0, 0.0, 1.0]]
sample_a	slice_15	36hpa1	7215	1635	3150	2250	6235	11809	2911	3942	[[-0.07699006313232483, -1.4857704848682403, 3176.0762747732347], [1.4827360288724833, -0.07717692631458774, -212.23786557173554], [0.0, 0.0, 1.0]]
sample_a	slice_15	36hpa2	10155	1170	2745	2595	6271	16595	3219	3024	[[-0.0768363903516216, -1.4828048751180043, 3597.1325782379577], [1.479776475920642, -0.07702288055348078, -602.0082780954397], [0.0, 0.0, 1.0]]
sample_a	slice_15	7dpa1	4215	2760	3030	1680	5560	7272	2022	3894	[[-0.07950359964259517, -1.4841496992706096, 2417.747523855361], [1.4811179535047458, -0.07968498503273462, -205.4391377256417], [0.0, 0.0, 1.0]]
sample_a	slice_15	7dpa2	4395	1320	2625	1635	7868	7552	1856	3486	[[-0.0768363903516216, -1.4828048751180043, 2227.9132843544503], [1.479776475920642, -0.07702288055348078, -106.31989951760363], [0.0, 0.0, 1.0]]
sample_a	slice_15	WT	6420	3540	6255	2370	3112	10387	2976	8896	[[-0.07699006313232483, -1.4857704848682403, 3532.862142259171], [1.4827360288724833, -0.07717692631458774, -115.88069930202121], [0.0, 0.0, 1.0]]
sample_a	slice_16	0hpa1	11900	400	2940	2340	5036	2537	3224	3652	[[0.22928948349078493, 1.47105983730014, -468.21764605812285], [-1.4696045459319498, 0.22960689462664996, 3692.583114248789], [0.0, 0.0, 1.0]]
sample_a	slice_16	0hpa2	8860	600	3260	2560	4938	6566	3164	4162	[[0.22781871541651624, 1.4751675050765327, -776.2556319867905], [-1.4667679545611367, 0.22917333046907565, 4167.18867270195], [0.0, 0.0, 1.0]]
sample_a	slice_16	14dpa1	11860	2860	2060	1340	8753	4400	1397	2132	[[0.22804676217869496, 1.4766441492257587, -577.9020380447686], [-1.4682361907518886, 0.22940273320227794, 2447.199747103751], [0.0, 0.0, 1.0]]
sample_a	slice_16	14dpa2	11760	4000	2240	1640	10561	4590	1462	2388	[[0.227363987441633, 1.4722230589586156, -727.5220421775449], [-1.4638402740131107, 0.22871589867173225, 2659.037286474646], [0.0, 0.0, 1.0]]
sample_a	slice_16	36hpa1	5280	3360	3140	2340	8040	12595	2969	4038	[[0.22781871541651624, 1.4751675050765327, -616.5919043589598], [-1.4667679545611367, 0.22917333046907565, 4013.623254389508], [0.0, 0.0, 1.0]]
sample_a	slice_16	36hpa2	2520	3340	2700	2660	7496	17299	3113	3172	[[0.227363987441633, 1.4722230589586156, -726.0005674121969], [-1.4638402740131107, 0.22871589867173225, 3351.0782669486516], [0.0, 0.0, 1.0]]
sample_a	slice_16	7dpa1	8300	2880	3140	1800	8013	8045	2244	3796	[[0.22479116704593793, 1.47532408495139, -608.8286979191649], [-1.4668891642639097, 0.22617585837758394, 4028.5410561018493], [0.0, 0.0, 1.0]]
sample_a	slice_16	7dpa2	8420	4360	2820	1740	10381	8683	1874	3297	[[0.227591124292224, 1.4736938112652678, -774.4406282370801], [-1.4653026519092276, 0.2289443860829927, 3548.0007145505865], [0.0, 0.0, 1.0]]
sample_a	slice_16	WT	2900	1100	6320	2540	4120	10899	3842	8802	[[0.22781871541651624, 1.4751675050765327, -570.4121296593295], [-1.4667679545611367, 0.22917333046907565, 8687.457909909526], [0.0, 0.0, 1.0]]
sample_a	slice_17	0hpa1	10560	660	3135	2385	7543	16516	3038	4106	[[0.08582345040609916, -1.4813630512137062, 3184.8448945108667], [1.4827733425114407, 0.0857767490606642, -344.10917533722375], [0.0, 0.0, 1.0]]
sample_a	slice_17	0hpa2	7500	960	3150	2280	6929	12034	2970	4180	[[0.08567089366772, -1.4813814091277502, 3090.5241429488706], [1.48039894901474, 0.08579382153468, -366.24587042086165], [0.0, 0.0, 1.0]]
sample_a	slice_17	14dpa2	10680	4305	1560	1140	3818	16870	1400	1936	[[0.08316843462408, -1.48301168838464, 1518.9054965278694], [1.4820284610902, 0.08329320178648, -204.62369122696833], [0.0, 0.0, 1.0]]
sample_a	slice_17	14dpa1	10211	4856	1805	1325	2973	16456	1320	1828	[[0.08541464971857, -1.4769505574553798, 1502.773832664548], [1.47597103590702, 0.08553720990497, -434.84619199207714], [0.0, 0.0, 1.0]]
sample_a	slice_17	36hpa1	3915	3210	3060	2475	3140	6963	2994	3948	[[0.08567089366772, -1.4813814091277502, 3236.23738490071], [1.48039894901474, 0.08579382153468, -410.74881549162563], [0.0, 0.0, 1.0]]
sample_a	slice_17	36hpa2	1305	3315	2385	2460	2597	3032	3247	3084	[[0.08567089366772, -1.4813814091277502, 3400.17697536321], [1.48039894901474, 0.08579382153468, -333.10132220994865], [0.0, 0.0, 1.0]]
sample_a	slice_17	7dpa1	6990	2895	2835	1770	4886	11485	2004	3623	[[0.08558530835936001, -1.47990150762013, 2219.000316011799], [1.4789200289857503, 0.08570811342126, -404.50346717521006], [0.0, 0.0, 1.0]]
sample_a	slice_17	7dpa2	7140	4530	2610	1485	2814	11793	1768	3324	[[0.08549989387996001, -1.4784245600077301, 1880.3992506429922], [1.47744406089295, 0.08562257638192002, -348.6106119127042], [0.0, 0.0, 1.0]]
sample_a	slice_17	WT	1470	1110	6330	2460	6141	2989	2994	9052	[[0.08567089366772, -1.4813814091277502, 3136.6730090514106], [1.48039894901474, 0.08579382153468, -236.4912710555046], [0.0, 0.0, 1.0]]
sample_a	slice_18	0hpa1	780	1200	2370	3300	8839	19615	2964	3935	[[-1.48845855465907, 0.025291745163040006, 3118.290884110424], [-0.025354199968000004, -1.4853439315549901, 4464.692436165757], [0.0, 0.0, 1.0]]
sample_a	slice_18	0hpa2	1230	4110	2370	3300	8165	15165	2982	4080	[[-1.4855264031747, 0.02264851533157, 3193.7236633432967], [-0.022716270435599997, -1.4824181166145198, 4577.48738839489], [0.0, 0.0, 1.0]]
sample_a	slice_18	14dpa1	2940	2010	1620	1980	6929	20167	1118	1688	[[-1.48850043000788, 0.022693857704609997, 1840.783814232387], [-0.02276174845449, -1.48538592065178, 2654.2939973639036], [0.0, 0.0, 1.0]]
sample_a	slice_18	14dpa2	4230	2250	1680	1920	4799	20142	1299	1764	[[-1.48404384189408, 0.02262591202286, 2056.6129108151486], [-0.02269359950703, -1.4809386574163002, 2286.406151966477], [0.0, 0.0, 1.0]]
sample_a	slice_18	36hpa1	4140	7560	2490	3030	3928	10239	2979	3952	[[-1.48701192957787, 0.0226711638469, 3187.611594663], [-0.022738986706039997, -1.48390053473113, 4322.398257122013], [0.0, 0.0, 1.0]]
sample_a	slice_18	36hpa2	4110	10650	3090	2880	3201	6337	3298	3123	[[-1.48404384189408, 0.02262591202286, 4032.2832521697283], [-0.02269359950703, -1.4809386574163002, 3636.911193513767], [0.0, 0.0, 1.0]]
sample_a	slice_18	7dpa1	3540	4800	1680	3000	5798	14753	1983	3481	[[-1.48701192957787, 0.0226711638469, 2145.781999426539], [-0.022738986706039997, -1.48390053473113, 3916.100485482143], [0.0, 0.0, 1.0]]
sample_a	slice_18	7dpa2	5010	4740	1620	2730	3660	15114	1735	3219	[[-1.4855264031747, 0.02264851533157, 2096.557981971997], [-0.022716270435599997, -1.4824181166145198, 3607.744830576749], [0.0, 0.0, 1.0]]
sample_a	slice_18	WT	1860	6990	2640	6720	6939	5878	3242	9246	[[-1.48701192957787, 0.0226711638469, 3554.0989018716687], [-0.022738986706039997, -1.48390053473113, 9579.582551073801], [0.0, 0.0, 1.0]]
sample_a	slice_19	0hpa1	990	930	2730	3270	6783	19353	3781	3855	[[-1.489513508142027, 0.029819478079947014, 3876.4248287281], [-0.029929701093905914, -1.484632548632931, 4397.039865527436], [0.0, 0.0, 1.0]]
sample_a	slice_19	0hpa2	1170	3840	2460	3210	7083	14741	3293	4439	[[-1.4909778964734512, 0.03115046277182293, 3395.0559280124103], [-0.03125653237324957, -1.4860919566953954, 4684.857894765396], [0.0, 0.0, 1.0]]
sample_a	slice_19	14dpa1	3210	2130	1290	1800	5728	19537	1120	1723	[[-1.483579191376521, 0.02970067537843328, 1659.1828392096313], [-0.029810459256878398, -1.4787176779212459, 2356.1347542126596], [0.0, 0.0, 1.0]]
sample_a	slice_19	14dpa2	4740	2550	1230	1320	3686	19633	1236	1249	[[-1.489513508142027, 0.029819478079947014, 1436.0567276850127], [-0.029929701093905914, -1.484632548632931, 1599.698757639941], [0.0, 0.0, 1.0]]
sample_a	slice_19	36hpa1	3570	7530	2280	3210	3776	9231	3000	4241	[[-1.489513508142027, 0.029819478079947014, 3235.828839019259], [-0.029929701093905914, -1.484632548632931, 4641.731853478088], [0.0, 0.0, 1.0]]
sample_a	slice_19	36hpa2	3540	10650	2400	2760	3785	5384	3247	3352	[[-1.489513508142027, 0.029819478079947014, 3366.070348859176], [-0.029929701093905914, -1.484632548632931, 3856.121489928619], [0.0, 0.0, 1.0]]
sample_a	slice_19	7dpa1	3270	4980	1740	2520	4903	13990	2289	3642	[[-1.4910045126546816, 0.02984932740735437, 2479.6417612028176], [-0.029959660754660573, -1.4861186673002313, 3677.5222467419053], [0.0, 0.0, 1.0]]
sample_a	slice_19	7dpa2	4650	4980	1740	2520	2984	14086	1808	3322	[[-1.4882774304038264, 0.029719000140769967, 2337.0511641350527], [-0.02979099097061823, -1.4852857458578412, 3536.463543900139], [0.0, 0.0, 1.0]]
sample_a	slice_19	WT	1290	6720	2550	6570	6909	5330	3391	9586	[[-1.489513508142027, 0.029819478079947014, 3476.225554368385], [-0.029929701093905914, -1.484632548632931, 9815.038498614593], [0.0, 0.0, 1.0]]
sample_a	slice_2	14dpa1	4600	11820	1960	1940	1308	1493	1780	2559	[[-1.47616869373017, -0.15178455828032, 2402.85676592321], [0.15214894822628, -1.47366186309522, 2190.899692737521], [0.0, 0.0, 1.0]]
sample_a	slice_2	14dpa2	2940	10360	2080	3540	3239	690	2455	4770	[[-1.48060163275038, -0.15224036776465, 3155.151018352855], [0.15260585197471, -1.4780872740955102, 4896.068121140149], [0.0, 0.0, 1.0]]
sample_a	slice_20	0hpa1	4830	11040	2370	3060	8298	24326	2220	3708	[[1.483871086745, -0.024380067014999996, 72.19722265739499], [0.024405418808999997, 1.4835292481529998, -531.831772162187], [0.0, 0.0, 1.0]]
sample_a	slice_20	0hpa2	4470	8070	2370	3210	7762	19632	2784	3998	[[1.48384924611, -0.025674979374, 149.43281750871697], [0.025700032848000005, 1.4835073855240002, -255.617772019976], [0.0, 0.0, 1.0]]
sample_a	slice_20	36hpa1	1830	4680	2310	3060	3808	14076	3336	4720	[[1.48533458069, -0.025700680055000005, 262.74601514236394], [0.025725758607000007, 1.484992377902, 205.19542069425998], [0.0, 0.0, 1.0]]
sample_a	slice_20	36hpa2	1530	1860	2430	2880	3680	10412	3504	3963	[[1.48533458069, -0.025700680055000005, 17.358548623012002], [0.025725758607000007, 1.484992377902, -324.59721797975], [0.0, 0.0, 1.0]]
sample_a	slice_20	7dpa1	2850	7800	1830	2700	5646	19074	2112	3678	[[1.48236687923, -0.025649330044, -134.87183429075398], [0.025674358490000007, 1.4820253601640003, -134.79029941280402], [0.0, 0.0, 1.0]]
sample_a	slice_20	7dpa2	1410	7920	1800	2730	3552	18978	2288	3927	[[1.482388698047, -0.024355711303999997, -183.537921897942], [0.024381037771000005, 1.482047200952, 104.04321000553], [0.0, 0.0, 1.0]]
sample_a	slice_20	WT	3810	1770	2670	6510	7266	10242	2988	9614	[[1.4853564431879998, -0.024404471487, -181.76803657156196], [0.024429848657999992, 1.485014262416, -230.95859080479497], [0.0, 0.0, 1.0]]
sample_a	slice_21	0hpa1	4350	10950	2520	3030	7159	18317	2910	3776	[[1.47945413935922, -0.05719339115990001, -449.27867596039374], [0.05735270738286001, 1.47749541982253, -447.6888445376126], [0.0, 0.0, 1.0]]
sample_a	slice_21	0hpa2	4110	7980	2520	3240	6701	13870	3078	4028	[[1.48389250177729, -0.057364971333380005, -184.0969454985341], [0.05752476550499999, 1.4819279060819999, -424.98587489512397], [0.0, 0.0, 1.0]]
sample_a	slice_21	36hpa1	1680	4290	2430	3240	3310	8332	2877	4132	[[1.48389250177729, -0.057364971333380005, -188.7628730989651], [0.05752476550499999, 1.4819279060819999, -495.142553280391], [0.0, 0.0, 1.0]]
sample_a	slice_21	36hpa2	1500	1620	2490	2790	3389	4416	2993	3300	[[1.48389250177729, -0.057364971333380005, -380.3872523709721], [0.05752476550499999, 1.4819279060819999, -541.7412118264989], [0.0, 0.0, 1.0]]
sample_a	slice_21	7dpa1	2670	7500	1620	2670	4563	13132	1975	3195	[[1.48389250177729, -0.057364971333380005, -155.3669618178201], [0.05752476550499999, 1.4819279060819999, -481.14693214169296], [0.0, 0.0, 1.0]]
sample_a	slice_21	7dpa2	1260	7620	1620	2580	2577	13257	1625	2940	[[1.48241009168561, -0.057307663669710004, -268.59518306038507], [0.05746729820679999, 1.48044745862338, -507.94055650561086], [0.0, 0.0, 1.0]]
sample_a	slice_21	WT	3660	1710	2730	6510	6455	4485	2970	9090	[[1.48241009168561, -0.057307663669710004, -246.3981212055911], [0.05746729820679999, 1.48044745862338, -351.6337018623878], [0.0, 0.0, 1.0]]
sample_a	slice_22	0hpa1	720	4520	2840	2280	7519	17373	2921	3802	[[0.02235343948358, 1.48221449501346, -268.8114142997009], [-1.47962165912518, 0.02229527281099, 3951.0884107048155], [0.0, 0.0, 1.0]]
sample_a	slice_22	0hpa2	3440	4000	3240	2520	6929	12833	3124	4117	[[0.01723094740162, 1.48673034339946, -390.3781775074149], [-1.48412954119865, 0.01718168442276, 4454.438211898984], [0.0, 0.0, 1.0]]
sample_a	slice_22	36hpa1	7120	1440	3080	2400	3133	7494	2957	4084	[[0.019805947850319996, 1.4852127925264298, -336.94971307245123], [-1.4826146783810799, 0.019752199441049997, 4284.88239161166], [0.0, 0.0, 1.0]]
sample_a	slice_22	36hpa2	10160	1280	2860	2460	2801	3586	3158	3238	[[0.019805947850319996, 1.4852127925264298, -183.05803584851625], [-1.4826146783810799, 0.019752199441049997, 3681.4435072140895], [0.0, 0.0, 1.0]]
sample_a	slice_22	7dpa1	4620	2560	2280	1700	4768	12394	1893	2943	[[0.017213733667950006, 1.48524509830116, -348.41175773644], [-1.4826468943043403, 0.01716451990286, 3114.477149752069], [0.0, 0.0, 1.0]]
sample_a	slice_22	7dpa2	4460	1140	2400	1540	2711	12461	1519	2891	[[0.017196554293029995, 1.48376281776393, -403.78604916381005], [-1.48116720678508, 0.017147389643480004, 3256.1180206861486], [0.0, 0.0, 1.0]]
sample_a	slice_22	WT	6560	3520	6620	2460	6258	3284	3057	9154	[[0.019805947850319996, 1.4852127925264298, -380.72475403469514], [-1.4826146783810799, 0.019752199441049997, 9364.678315439567], [0.0, 0.0, 1.0]]
sample_a	slice_23	0hpa1	885	4380	2835	2310	4232	3684	2942	3660	[[-0.12914425629408358, -1.476202615944551, 3428.3283446234786], [1.4762285962710098, -0.12919362342434043, -85.4075765186292], [0.0, 0.0, 1.0]]
sample_a	slice_23	0hpa2	3630	3945	3210	2385	4380	7846	3165	4112	[[-0.12914425629408358, -1.476202615944551, 3566.8413775355302], [1.4762285962710098, -0.12919362342434043, -139.08861332373536], [0.0, 0.0, 1.0]]
sample_a	slice_23	36hpa1	7170	1320	3135	2400	8030	13368	2849	4161	[[-0.129402803353731,-1.47915797653703,3343.54616024122], [1.47918400887615,-0.129452269317081,-98.3778148956801], [0,0,1]]
sample_a	slice_23	36hpa2	10395	960	2580	2580	7855	18120	3048	3315	[[-0.13056286919659,-1.47756544359272,3633.12976443867], [1.47759140676557,-0.130612308369942,-39.2148004114665], [0,0,1]]
sample_a	slice_23	7dpa1	4800	2490	2265	1575	7707	9586	1870	2899	[[-0.12914425629408358, -1.476202615944551, 2237.3991378506403], [1.4762285962710098, -0.12919362342434043, 35.587978422845254], [0.0, 0.0, 1.0]]
sample_a	slice_23	7dpa2	4605	1125	2235	1335	10103	9741	1509	2797	[[-0.12901536981075618, -1.4747293598408138, 1890.294674591871], [1.4747553142388035, -0.12906468767241996, -228.06504038215797], [0.0, 0.0, 1.0]]
sample_a	slice_23	WT	6870	3345	6465	2355	4714	12498	2912	9089	[[-0.127855977479366,-1.47631475345811,3700.36809090035], [1.47634077685562,-0.127905321918717,71.1939879800987], [0,0,1]]
sample_a	slice_24	0hpa1	750	1020	2250	3060	992	2208	2784	3732	[[1.4836857826880403, 0.03513569867605651, -334.3882608807939], [-0.035143359024432, 1.48400925853749, -263.2307561550849], [0.0, 0.0, 1.0]]
sample_a	slice_24	0hpa2	1050	3810	2400	3180	1524	6322	3028	4097	[[1.48522562951717, 0.0325786074426861, -326.5169746888531], [-0.0325857102894204, 1.4855494410868, -254.17692665987263], [0.0, 0.0, 1.0]]
sample_a	slice_24	36hpa1	3600	7110	2400	3480	5491	11429	2940	4168	[[1.4836857826880403, 0.03513569867605651, -391.63581864361095], [-0.035143359024432, 1.48400925853749, -549.324466387123], [0.0, 0.0, 1.0]]
sample_a	slice_24	36hpa2	3690	10470	2490	2760	5799	16228	3129	3255	[[1.48523580103248, 0.0321115488413845, -454.8500613476051], [-0.0321185498591605, 1.4855596148197203, -371.4083997051745], [0.0, 0.0, 1.0]]
sample_a	slice_24	7dpa1	3210	4830	1830	2310	4939	7760	1781	2885	[[1.4836857826880403, 0.03513569867605651, -497.1104502632609], [-0.035143359024432, 1.48400925853749, -248.46738408115394], [0.0, 0.0, 1.0]]
sample_a	slice_24	7dpa2	4920	4950	1380	2160	7325	7814	1371	2702	[[1.48220800800409, 0.0351007029602437, -338.54535151021463], [-0.03510835567879011, 1.48253116166643, -181.0540804996994], [0.0, 0.0, 1.0]]
sample_a	slice_24	WT	1590	6900	2400	6540	2482	10968	2942	9091	[[1.48226701272531, 0.0325137098182983, -372.3027723032474], [-0.032520798515935506, 1.48259017925197, -331.71741715684897], [0.0, 0.0, 1.0]]
sample_a	slice_25	0hpa1	11145	1995	2700	2430	3365	1056	3016	3796	[[0.09676343179112236, 1.4813700567011743, -602.5804190240362], [-1.4874048036424572, 0.09641009659657444, 4154.689802115603], [0.0, 0.0, 1.0]]
sample_a	slice_25	0hpa2	8190	2280	3000	2355	3200	5426	3135	4097	[[0.09357827077942077, 1.4811485834682603, -292.3248633399403], [-1.4814715061529597, 0.093598672882739, 4186.675487906469], [0.0, 0.0, 1.0]]
sample_a	slice_25	36hpa1	4500	4815	3150	2340	6763	11005	2940	4168	[[0.09357827077942077, 1.4811485834682603, -441.87802530142625], [-1.4814715061529597, 0.093598672882739, 4308.962565904619], [0.0, 0.0, 1.0]]
sample_a	slice_25	36hpa2	1800	4800	2925	2595	6583	15695	3085	3372	[[0.0936716622672246, 1.48262677566733, -538.4988612551224], [-1.48295002063016, 0.09369208473192328, 3620.5361542991113], [0.0, 0.0, 1.0]]
sample_a	slice_25	7dpa1	8100	4515	1890	1650	6591	7217	1816	2792	[[0.0936716622672246, 1.48262677566733, -378.87798916177053], [-1.48295002063016, 0.09369208473192328, 2738.7799479089917], [0.0, 0.0, 1.0]]
sample_a	slice_25	7dpa2	7980	6060	1950	1440	8981	7599	1429	2581	[[0.09357827077942077, 1.4811485834682603, -486.38427556846926], [-1.4814715061529597, 0.093598672882739, 2680.0206316574195], [0.0, 0.0, 1.0]]
sample_a	slice_25	WT	1695	2535	6315	2460	3106	10209	3220	9050	[[0.09293063103871299, 1.48625645621519, -433.466274065061], [-1.48285427761569, 0.0931744482012734, 9054.412468542], [0.0, 0.0, 1.0]]
sample_a	slice_26	0hpa1	690	240	2460	2970	3990	3962	2784	3514	[[1.4779817314070849, -0.15462349661221245, -175.89278522281958], [0.154923326375216, 1.4757222186563717, -527.3198602409373], [0.0, 0.0, 1.0]]
sample_a	slice_26	0hpa2	930	3060	2400	3150	3743	8088	3065	4066	[[1.4779817314070849, -0.15462349661221245, -13.17139359437169], [0.154923326375216, 1.4757222186563717, -454.9114519526683], [0.0, 0.0, 1.0]]
sample_a	slice_26	36hpa1	3120	6720	2550	3330	6830	13781	2792	4200	[[1.4779817314070849, -0.15462349661221245, -425.8935654609024], [0.154923326375216, 1.4757222186563717, -411.6033669118447], [0.0, 0.0, 1.0]]
sample_a	slice_26	36hpa2	3240	9660	2490	3120	6455	18447	2709	3406	[[1.4779817314070849, -0.15462349661221245, -327.974214235345], [0.154923326375216, 1.4757222186563717, -721.8649671157452], [0.0, 0.0, 1.0]]
sample_a	slice_26	7dpa1	3060	4020	1800	2550	6939	10314	1661	2263	[[1.4779817314070849, -0.15462349661221245, -207.7216337203742], [0.154923326375216, 1.4757222186563717, -937.027957974279], [0.0, 0.0, 1.0]]
sample_a	slice_26	7dpa2	4590	4320	1560	2160	9333	10496	1345	2388	[[1.4794611925996848, -0.15477827488709958, -386.4898812455327], [0.15507840477999602, 1.4771994180744465, -442.2347892156651], [0.0, 0.0, 1.0]]
sample_a	slice_26	WT	1020	6270	2610	6540	3214	12975	3120	8807	[[1.4779817314070849, -0.15462349661221245, 154.29276683169493], [0.154923326375216, 1.4757222186563717, -593.6965518028834], [0.0, 0.0, 1.0]]
sample_a	slice_27	0hpa1	4740	11710	2100	3030	9298	18870	2160	3584	[[1.4875176132263188, -0.05610884028263126, -304.66598902802633], [0.056120267050168864, 1.4878205515492076, -534.0153197709476], [0.0, 0.0, 1.0]]
sample_a	slice_27	0hpa2	4380	8280	2520	3420	9285	14096	2905	4164	[[1.4866892819808348, -0.05980671036196042, -344.3845850693593], [0.059833615916338914, 1.4865712613922764, -831.4820794488791], [0.0, 0.0, 1.0]]
sample_a	slice_27	36hpa1	2160	4740	2310	3330	5812	7904	3288	4605	[[1.491287701018, -0.059691635571, 56.458651403256], [0.059934575258, 1.485757805167, -221.40480703688803], [0.0, 0.0, 1.0]]
sample_a	slice_27	36hpa2	1920	2190	2490	2790	5824	4097	3246	3726	[[1.491287701018, -0.059691635571, -160.971339121911], [0.059934575258, 1.485757805167, -215.15419937860398], [0.0, 0.0, 1.0]]
sample_a	slice_27	7dpa1	3090	8280	1620	2100	7237	13805	1836	2452	[[1.4992788528472016, -0.05847219839636471, -233.11474188885674], [0.05916039942655867, 1.4839538199735383, -612.4642418060713], [0.0, 0.0, 1.0]]
sample_a	slice_27	7dpa2	1770	8100	1350	2190	5323	13833	1488	2246	[[1.4801978939129117, -0.05761950461723958, -262.41332027315246], [0.05752708625663275, 1.4833061616036114, -981.0400777159654], [0.0, 0.0, 1.0]]
sample_a	slice_27	WT	4140	1710	2400	6600	9059	4051	3451	8960	[[1.489796413317, -0.059631943935, -54.157243202665], [0.059874640683000004, 1.4842720473619997, -745.470459996267], [0.0, 0.0, 1.0]]
sample_a	slice_28	0hpa1	330	4005	2805	1830	4919	3340	2040	2956	[[0.03292683365391065, -1.4814778372632167, 2404.4809144686183], [1.4796759756097155, 0.03298035903477434, -736.6181748978842], [0.0, 0.0, 1.0]]
sample_a	slice_28	0hpa2	3150	3615	3180	2280	5167	7292	2824	3864	[[0.03321590887209099, -1.4867409909503004, 2898.4197908139618], [1.4825424639405138, 0.03397817472602252, -360.7053324970018], [0.0, 0.0, 1.0]]
sample_a	slice_28	36hpa1	6720	1035	3135	2265	9052	11851	2983	4840	[[0.03328234068983516, -1.489714472932201, 2976.96126383456], [1.4855075488683949, 0.03404613107547457, 285.30568745343544], [0.0, 0.0, 1.0]]
sample_a	slice_28	36hpa2	9495	615	2955	2460	9651	17067	2584	3640	[[0.03200215294134451, -1.4815811522942157, 3087.1605992251616], [1.48314621137792, 0.031989118231818554, -815.3368214247649], [0.0, 0.0, 1.0]]
sample_a	slice_28	7dpa1	4395	2250	2085	1350	8377	8514	1680	2976	[[0.03318279231289648, -1.485258696841676, 1758.7595219477748], [1.481064355800992, 0.03394429818093177, 215.92692387283566], [0.0, 0.0, 1.0]]
sample_a	slice_28	7dpa2	4470	930	1875	1215	10319	8348	1832	2764	[[0.033149741722943396, -1.4837793555101602, 1779.7796605700032], [1.4795891920999948, 0.03391048911899857, 450.0083598939872], [0.0, 0.0, 1.0]]
sample_a	slice_28	WT	6555	2940	6465	2355	5863	12236	3040	9076	[[0.03328234068983516, -1.489714472932201, 3325.57631797145], [1.4855075488683949, 0.03404613107547457, -278.52776312435475], [0.0, 0.0, 1.0]]
sample_a	slice_29	0hpa1	150	3720	2740	1900	3668	1132	1872	2576	[[0.0036575559500836687, -1.4864372818654024, 2368.3839938599012], [1.4772319441124644, 0.0038924279323653927, -177.57544571427806], [0.0, 0.0, 1.0]]
sample_a	slice_29	0hpa2	2595	3480	2925	2280	3244	4772	2824	3980	[[0.008890443184044338, -1.4938549755384043, 3158.843677509164], [1.4846027974270979, 0.00909419581448554, -220.1351487752017], [0.0, 0.0, 1.0]]
sample_a	slice_29	36hpa1	6300	1395	3135	2340	6392	10294	2851	4203	[[0.008881552740860294, -1.492361120562866, 3155.288679525857], [1.483118194629671, 0.009085101618671054, -270.569529851717], [0.0, 0.0, 1.0]]
sample_a	slice_29	36hpa2	9420	1590	2745	2040	6615	15018	2304	3347	[[0.008890443184044338, -1.4938549755384043, 2673.486576869602], [1.4846027974270979, 0.00909419581448554, -364.02080066928437], [0.0, 0.0, 1.0]]
sample_a	slice_29	7dpa1	4035	2295	1845	1155	6583	6892	1264	2140	[[0.00890827757358104, -1.4968516755896348, 1604.0807663936935], [1.4875809374419968, 0.009112438935477484, -216.72562537756158], [0.0, 0.0, 1.0]]
sample_a	slice_29	7dpa2	4350	855	1530	1215	8891	7354	1162	1678	[[0.008899351443747794, -1.4953518242112882, 1443.399749092714], [1.486090375380432, 0.00910330823514134, -221.62042356148822], [0.0, 0.0, 1.0]]
sample_a	slice_29	WT	6000	3555	6195	2625	2778	9764	3262	8606	[[0.008890443184044338, -1.4938549755384043, 3544.6254641955647], [1.4846027974270979, 0.00909419581448554, -165.899216027867], [0.0, 0.0, 1.0]]
sample_a	slice_3	14dpa1	1990	3500	3370	1820	2652	1416	1860	2856	[[0.01798797019754094, -1.4825357420392602, 2336.7011806901937], [1.4828376657861269, 0.01799163351249962, -1151.7060599686483], [0.0, 0.0, 1.0]]
sample_a	slice_3	14dpa2	1960	1830	4770	2130	4627	516	2621	5148	[[0.01798797019754094, -1.4825357420392602, 2842.3958398535206], [1.4828376657861269, 0.01799163351249962, -330.9298806366852], [0.0, 0.0, 1.0]]
sample_a	slice_30	0hpa1	870	990	1980	2640	3423	3088	2503	3150	[[1.4811000875800018, -0.006642226360418598, -204.3196033966892], [0.006640212466541677, 1.4780117796372727, -418.59870250744837], [0.0, 0.0, 1.0]]
sample_a	slice_30	0hpa2	810	3480	2280	3180	3352	6770	2816	3926	[[1.485587527831637, -0.007030662242427377, -244.26237789126222], [0.007047065617231299, 1.4827332860894884, -409.15963471509264], [0.0, 0.0, 1.0]]
sample_a	slice_30	36hpa1	2640	7200	2370	3420	6292	12354	2768	4175	[[1.4869726642907375, -0.006059222098020964, -481.73314422459873], [0.006079048820156716, 1.48253728950394, -467.3200857280052], [0.0, 0.0, 1.0]]
sample_a	slice_30	36hpa2	2760	10260	2040	2940	6355	17040	2163	3353	[[1.488529812501027, -0.004077536952794063, -382.6752219139037], [0.004080930088372643, 1.4854260332684257, -616.2003312913832], [0.0, 0.0, 1.0]]
sample_a	slice_30	7dpa1	2970	4740	1590	2160	6703	9285	1040	1723	[[1.490022821340045, -0.004081626759165972, -396.2394733243773], [0.004085023298090168, 1.4869159289888552, -1046.4759558362373], [0.0, 0.0, 1.0]]
sample_a	slice_30	7dpa2	4500	4950	1560	1950	8933	9594	1088	1478	[[1.490022821340045, -0.004081626759165972, -352.7083087972849], [0.004085023298090168, 1.4869159289888552, -1037.924947371403], [0.0, 0.0, 1.0]]
sample_a	slice_30	WT	90	6870	2610	6270	2362	11878	3262	8412	[[1.4855527528760248, -0.004069381878888475, -339.3358788051818], [0.004072768228195898, 1.482455181201889, -489.0981652993517], [0.0, 0.0, 1.0]]
sample_a	slice_31	0hpa1	30	3030	2805	1830	5079	2206	2240	3648	[[-0.08624043362000325, -1.4816152968407086, 2638.60233549761], [1.4819170331355935, -0.0862579967951171, -124.27475929205279], [0.0, 0.0, 1.0]]
sample_a	slice_31	0hpa2	3090	2835	3180	2130	4607	6866	2780	3878	[[-0.08624043362000325, -1.4816152968407086, 3131.7692459835566], [1.4819170331355935, -0.0862579967951171, -228.284145418978], [0.0, 0.0, 1.0]]
sample_a	slice_31	36hpa1	6840	720	3135	2265	7437	12523	2758	4162	[[-0.08624043362000325, -1.4816152968407086, 3122.931117407153], [1.4819170331355935, -0.0862579967951171, -146.13748072722123], [0.0, 0.0, 1.0]]
sample_a	slice_31	36hpa2	10020	960	2610	1935	7323	17239	2044	3362	[[-0.08615453677376818, -1.4801395843936558, 2603.281298269668], [1.480441020154383, -0.08617208245567975, -174.20262214358272], [0.0, 0.0, 1.0]]
sample_a	slice_31	WT	6600	3000	6075	2355	3406	12087	3261	8227	[[-0.08624043362000325, -1.4816152968407086, 3779.06571267675], [1.4819170331355935, -0.0862579967951171, -264.5540763185432], [0.0, 0.0, 1.0]]
sample_a	slice_32	0hpa1	4500	11530	1830	2690	3111	1468	2284	3300	[[-1.4850037401950218, -0.015285096284593406, 2558.2104429609217], [0.015323942671253341, -1.4825036500587054, 3689.900395786218], [0.0, 0.0, 1.0]]
sample_a	slice_32	0hpa2	4170	8310	2280	3060	3191	5644	2539	3922	[[-1.4864902304254473, -0.015300396681274683, 3021.9514700687687], [0.015339281953206546, -1.4839876376964019, 4283.941764376499], [0.0, 0.0, 1.0]]
sample_a	slice_32	36hpa1	2130	4470	2310	3330	6285	11119	2697	4142	[[-1.4864902304254473, -0.015300396681274683, 3020.4980400940476], [0.015339281953206546, -1.4839876376964019, 4468.964932069017], [0.0, 0.0, 1.0]]
sample_a	slice_32	36hpa2	2100	1680	2400	2760	6555	16027	2015	3158	[[-1.4885019900678267, -0.014773891308442933, 2839.082989747923], [0.014790749080645548, -1.4874111165696642, 3708.0683587999165], [0.0, 0.0, 1.0]]
sample_a	slice_32	WT	4230	1680	2400	6120	2830	10929	2966	8437	[[-1.4864902304254473, -0.015300396681274683, 3398.2409164681794], [0.015339281953206546, -1.4839876376964019, 8836.249660450569], [0.0, 0.0, 1.0]]
sample_a	slice_33	0hpa1	11355	1275	2640	1860	2271	1148	2139	3292	[[-0.02369317944582325, 1.4883855345257144, -251.16290485648378], [-1.483374262204064, -0.02378197649806205, 3547.6906713067033], [0.0, 0.0, 1.0]]
sample_a	slice_33	0hpa2	8145	1380	3000	2010	2447	5348	2539	3922	[[-0.026597270610144406, 1.484944160888199, -190.631344482483], [-1.484182481178811, -0.026621760203642174, 4104.136552718103], [0.0, 0.0, 1.0]]
sample_a	slice_33	36hpa1	4320	3600	3150	2205	5853	10637	2743	4060	[[-0.025262868602645025, 1.484894379881466, -204.62931474433805], [-1.4826192705136634, -0.025311941575035055, 4422.349037489233], [0.0, 0.0, 1.0]]
sample_a	slice_33	36hpa2	1740	3745	2280	1910	6471	15949	1693	2468	[[-0.02394310124781587, 1.48343242805656, -545.1237492820529], [-1.481159635172181, -0.023994108601380282, 2930.4010004069246], [0.0, 0.0, 1.0]]
sample_a	slice_33	WT	1395	1425	6150	2220	2718	10712	2688	8350	[[-0.02523763097167336, 1.4834109689125539, -226.93384006647946], [-1.4811381323812822, -0.025286654920114948, 8734.648610054819], [0.0, 0.0, 1.0]]
sample_a	slice_34	0hpa1	13055	2255	2505	1885	5163	1325	1998	3240	[[0.01399784551674278, 1.4819714159941073, -505.98666260830765], [-1.4888127631416825, 0.013950588257934354, 3066.049428043603], [0.0, 0.0, 1.0]]
sample_a	slice_34	0hpa2	9705	2140	3000	2010	4680	5164	2683	4024	[[0.014516504354, 1.486280374318, -219.91601265071202], [-1.484541214109, 0.014556808838000004, 4190.61293034106], [0.0, 0.0, 1.0]]
sample_a	slice_34	36hpa1	5840	3960	3150	2205	7364	10615	2626	4164	[[0.015797725244, 1.484782357988, -257.886657268279], [-1.483044900726, 0.015836473261, 4496.409504544282], [0.0, 0.0, 1.0]]
sample_a	slice_34	36hpa2	3220	4100	2240	1520	7654	16479	1816	2136	[[0.014516504353933623, 1.4862803743177229, -374.9024602101738], [-1.4845412141089098, 0.01455680883779125, 2526.9404255170853], [0.0, 0.0, 1.0]]
sample_a	slice_34	WT	2995	1505	6150	2255	3596	10833	3468	8228	[[0.014516504354, 1.486280374318, -180.05332229728901], [-1.484541214109, 0.014556808838000004, 8470.642707353953], [0.0, 0.0, 1.0]]
sample_a	slice_35	0hpa1	2580	2370	1980	2640	5723	4074	2004	3167	[[1.484950361569, -0.043959728281000005, -418.565729130525], [0.04408127333899999, 1.481459140625, -268.10185654749495], [0.0, 0.0, 1.0]]
sample_a	slice_35	0hpa2	2700	5040	2280	3180	5783	8304	2328	3864	[[1.487920262292, -0.044047647737, -423.43637917695594], [0.044169435885000004, 1.484422058906, -534.015505802417], [0.0, 0.0, 1.0]]
sample_a	slice_35	36hpa1	5070	8760	2220	3090	9025	13758	2456	3920	[[1.486433828463, -0.044003644092999984, -303.007641548412], [0.04412531057499999, 1.482939119786, -358.317917133188], [0.0, 0.0, 1.0]]
sample_a	slice_35	36hpa2	5370	12180	1710	2070	9489	19073	1544	2024	[[1.4880308342923498, -0.0478490631543062, -471.804814028478], [0.0479076152921042, 1.48681758665164, -600.654318658573], [0.0, 0.0, 1.0]]
sample_a	slice_35	WT	2790	8820	2220	5970	5615	13979	2592	7908	[[1.486433828463, -0.044003644092999984, -286.62226460973096], [0.04412531057499999, 1.482939119786, -590.9147821071], [0.0, 0.0, 1.0]]
sample_a	slice_4	0hpa1	1116	3600	2724	1812	956	812	2624	3320	[[-0.08699194744500001, -1.486341145624, 2727.726713921648], [1.485361200663, -0.08708439237, -6.537596203805991], [0.0, 0.0, 1.0]]
sample_a	slice_4	14dpa1	1260	2040	1950	910	4264	972	1984	4160	[[-0.086817789392,-1.483365487675,1719.589628737255],[1.482387504565,-0.086910049243,186.407957138718],[0,0,1]]
sample_a	slice_4	14dpa2	740	190	3480	1480	6223	516	2568	5108	[[-0.086817789392,-1.483365487675,2547.171660016747],[1.482387504565,-0.086910049243,32.960103774643],[0,0,1]]
sample_a	slice_4	7dpa2	4440	260	1870	1320	6831	5680	1680	3216	[[-0.086730971603,-1.481882122187,1517.238627409310],[1.480905117061,-0.086823139193,346.852225948439],[0,0,1]]
sample_a	slice_5	0hpa1	4224	11668	2700	2964	2399	2364	2803	3280	[[-1.478869386005, 0.13897309879599998, 3228.962430862202], [-0.139347352942, -1.47549828896, 4130.845675319402], [0.0, 0.0, 1.0]]
sample_a	slice_5	14dpa1	2960	10760	1720	3620	5371	3044	2072	4352	[[-1.478869386005, 0.138973098796, 2002.0567811226538], [-0.139347352942, -1.47549828896, 4966.503974797992], [0.0, 0.0, 1.0]]
sample_a	slice_5	14dpa2	1100	10440	2320	4080	7183	2948	3016	5208	[[-1.478869386005, 0.138973098796, 2896.1699074701633], [-0.139347352942, -1.47549828896, 5792.826656270514], [0.0, 0.0, 1.0]]
sample_a	slice_5	7dpa2	1400	8260	2120	2580	7103	8236	1992	3320	[[-1.480348255391, 0.139112071895, 2232.545675551313], [-0.139486700295, -1.4769737872489999, 3690.5807900809855], [0.0, 0.0, 1.0]]
sample_a	slice_6	0hpa1	3645	2580	2295	2970	6550	3934	2808	3560	[[1.489523164119, -0.031349941506, -284.81449392981096], [0.031467555472, 1.484560370535, -280.53148207572303], [0.0, 0.0, 1.0]]
sample_a	slice_7	0hpa1	495	3825	3255	2520	8340	17587	2824	3704	[[-0.037266269956, 1.486618842935, -570.8502673661728], [-1.482855511944, -0.03737321914200001, 4041.6942161249335], [0.0, 0.0, 1.0]]
sample_a	slice_7	0hpa2	3345	3990	2865	2055	8268	13136	2162	3882	[[-0.03722907807, 1.485135191395, -360.96842829152496], [-1.481375616223, -0.03733592052, 4262.127470896954], [0.0, 0.0, 1.0]]
sample_a	slice_7	14dpa1	720	2475	3435	1575	6012	16675	1826	4336	[[-0.037266269956, 1.486618842935, -255.65154734814695], [-1.482855511944, -0.03737321914200001, 4673.075974501933], [0.0, 0.0, 1.0]]
sample_a	slice_7	14dpa2	690	825	3525	2055	3452	16489	2464	5154	[[-0.037266269956, 1.486618842935, -145.40933039571595], [-1.482855511944, -0.03737321914200001, 4966.7043387766], [0.0, 0.0, 1.0]]
sample_a	slice_7	36hpa1	7725	1110	2475	2625	3941	8111	2742	2438	[[-0.037191960345, 1.483654498283, -475.57472277747297], [-1.479898671441, -0.037298696273, 2897.7226813691796], [0.0, 0.0, 1.0]]
sample_a	slice_7	36hpa2	10230	990	2580	2715	3662	3950	3012	2518	[[-0.037154916559999994, 1.4821767547589997, -468.67746456251], [-1.47842466878, -0.037261546177000004, 3341.9848046842926], [0.0, 0.0, 1.0]]
sample_a	slice_7	7dpa2	3975	720	2955	1860	3264	12552	1768	3736	[[-0.03722907807, 1.485135191395, -239.03715293567595], [-1.481375616223, -0.03733592052, 4037.5843836681706], [0.0, 0.0, 1.0]]
sample_a	slice_8	0hpa1	3870	10860	2280	3060	3401	2953	2852	3793	[[-1.4852601940267618, 0.005620731014125477, 3074.5541174882146], [-0.005615096980341322, -1.4840706674742508, 4204.4148499503535], [0.0, 0.0, 1.0]]
sample_a	slice_8	0hpa2	3780	7950	2130	3150	4070	7238	2224	3820	[[-1.483774933832735, 0.005615110283111353, 2519.7833646005215], [-0.005609481883360981, -1.4825865968067766, 4234.236953904282], [0.0, 0.0, 1.0]]
sample_a	slice_8	14dpa1	2520	10380	1710	3300	6488	3270	1786	4266	[[-1.4852547234691318, 0.006916862741128315, 1987.9493935543824], [-0.006910190651877136, -1.48406520228618, 4608.115877814962], [0.0, 0.0, 1.0]]
sample_a	slice_8	14dpa2	720	10140	2310	3600	8425	3245	2344	4399	[[-1.483774933832735, 0.005615110283111353, 2723.3668533840355], [-0.005609481883360981, -1.4825865968067766, 4997.559759388063], [0.0, 0.0, 1.0]]
sample_a	slice_8	36hpa1	840	4410	2670	2400	7644	13399	2580	2792	[[-1.483774933832735, 0.005615110283111353, 3288.2041796665494], [-0.005609481883360981, -1.4825865968067766, 3338.0853833373517], [0.0, 0.0, 1.0]]
sample_a	slice_8	36hpa2	720	1710	2670	2490	7555	17517	2940	2652	[[-1.4837694687456628, 0.00690994587838719, 3537.1094000225467], [-0.006903280461225259, -1.482581137083894, 3228.176274851706], [0.0, 0.0, 1.0]]
sample_a	slice_8	7dpa1	1862	8225	1926	2316	7120	7942	1715	3745	[[-1.4837694687456628, 0.00690994587838719, 2319.7522591968927], [-0.006903280461225259, -1.482581137083894, 3134.147983109648], [0.0, 0.0, 1.0]]
sample_a	slice_8	7dpa2	390	7320	2340	3240	9202	7921	1878	3886	[[-1.4852547234691318, 0.006916862741128315, 2418.6861030125165], [-0.006910190651877136, -1.48406520228618, 4507.270035848196], [0.0, 0.0, 1.0]]
sample_a	slice_9	0hpa1	690	4890	2880	2370	3616	2520	2916	3720	[[-0.03327757556099999, -1.488201445262, 3253.842687633616], [1.483850830205, -0.033372463037, -156.41580635614102], [0.0, 0.0, 1.0]]
sample_a	slice_9	0hpa2	3510	4965	3105	2280	3538	6798	2535	4049	[[-0.030680124679999997, -1.488257258898, 3126.266976030001], [1.483906816077, -0.030782605263000005, -252.27149688404307], [0.0, 0.0, 1.0]]
sample_a	slice_9	14dpa1	1200	3675	3000	1650	6389	3444	1746	3872	[[-0.030710835515, -1.489747005904, 2266.1419617389447], [1.485392208286, -0.030813418682000004, -293.81218769639605], [0.0, 0.0, 1.0]]
sample_a	slice_9	14dpa2	1230	2385	3090	1695	8218	3245	2240	4273	[[-0.030680124679999997, -1.488257258898, 2354.5251713727002], [1.483906816077, -0.030782605263000005, -7.642419015780001], [0.0, 0.0, 1.0]]
sample_a	slice_9	36hpa1	7755	2385	2310	2325	7052	13162	2914	2898	[[-0.030680124679999997, -1.488257258898, 3324.8021296133625], [1.483906816077, -0.030782605263000005, -242.05809629475502], [0.0, 0.0, 1.0]]
sample_a	slice_9	36hpa2	10590	2250	2130	2385	7180	17275	2993	2711	[[-0.0303412873048042, -1.4838730593687102, 3305.46320742791], [1.48229284780439, -0.0303794282385509, -145.92969523846097], [0.0, 0.0, 1.0]]
sample_a	slice_9	7dpa1	4196	3364	3192	1992	6392	7799	2104	3821	[[-0.03074160789599999, -1.4912397383750002, 2637.292496445246], [1.4868805772319995, -0.03084429385099999, -190.3855691803389], [0.0, 0.0, 1.0]]
sample_a	slice_9	7dpa2	4170	2115	3045	1560	8762	7917	1888	3857	[[-0.030680124679999997, -1.488257258898, 2123.581961726005], [1.483906816077, -0.030782605263000005, -305.646480089731], [0.0, 0.0, 1.0]]
sample_a	slice_9	WT	6330	4740	3330	1980	3868	10905	2525	4437	[[-0.030649475205, -1.48677048841, 3043.1216546164796], [1.482424391686, -0.030751853409, -167.76039288747998], [0.0, 0.0, 1.0]]
